filepath,start,end,scientific_name,common_name,confidence,lat,lon,week,overlap,sensitivity,min_conf,species_list,model
G:\Chilcotin_Cariboo_ARU_2023\focal_analysis_3\Thaddus Lake\ARU_9584 (Site 1)\11455525_20230610_YellowRail2023 [+51.93134-122.68828]\00009584_11455525_20230610T023000-0700_REC [+51.93134-122.68828].wav,3.0,6.0,Cistothorus palustris,Marsh Wren,0.7531,0.0000,0.0000,-1,0,1.0,0.5,C:\Users\sunny541.stu\AppData\Local\Temp\684088f74cd800171d7d84116b36d9fc94d24255\focal_species_list_with_sci_name.txt,BirdNET_GLOBAL_6K_V2.4_Model_FP32.tflite
G:\Chilcotin_Cariboo_ARU_2023\focal_analysis_3\Thaddus Lake\ARU_9584 (Site 1)\11455525_20230610_YellowRail2023 [+51.93134-122.68828]\00009584_11455525_20230610T023000-0700_REC [+51.93134-122.68828].wav,6.0,9.0,Cistothorus palustris,Marsh Wren,0.8247,0.0000,0.0000,-1,0,1.0,0.5,C:\Users\sunny541.stu\AppData\Local\Temp\684088f74cd800171d7d84116b36d9fc94d24255\focal_species_list_with_sci_name.txt,BirdNET_GLOBAL_6K_V2.4_Model_FP32.tflite
G:\Chilcotin_Cariboo_ARU_2023\focal_analysis_3\Thaddus Lake\ARU_9584 (Site 1)\11455525_20230610_YellowRail2023 [+51.93134-122.68828]\00009584_11455525_20230610T023000-0700_REC [+51.93134-122.68828].wav,9.0,12.0,Cistothorus palustris,Marsh Wren,0.6069,0.0000,0.0000,-1,0,1.0,0.5,C:\Users\sunny541.stu\AppData\Local\Temp\684088f74cd800171d7d84116b36d9fc94d24255\focal_species_list_with_sci_name.txt,BirdNET_GLOBAL_6K_V2.4_Model_FP32.tflite
G:\Chilcotin_Cariboo_ARU_2023\focal_analysis_3\Thaddus Lake\ARU_9584 (Site 1)\11455525_20230610_YellowRail2023 [+51.93134-122.68828]\00009584_11455525_20230610T023000-0700_REC [+51.93134-122.68828].wav,15.0,18.0,Cistothorus palustris,Marsh Wren,0.6369,0.0000,0.0000,-1,0,1.0,0.5,C:\Users\sunny541.stu\AppData\Local\Temp\684088f74cd800171d7d84116b36d9fc94d24255\focal_species_list_with_sci_name.txt,BirdNET_GLOBAL_6K_V2.4_Model_FP32.tflite
G:\Chilcotin_Cariboo_ARU_2023\focal_analysis_3\Thaddus Lake\ARU_9584 (Site 1)\11455525_20230610_YellowRail2023 [+51.93134-122.68828]\00009584_11455525_20230610T023000-0700_REC [+51.93134-122.68828].wav,18.0,21.0,Cistothorus palustris,Marsh Wren,0.9578,0.0000,0.0000,-1,0,1.0,0.5,C:\Users\sunny541.stu\AppData\Local\Temp\684088f74cd800171d7d84116b36d9fc94d24255\focal_species_list_with_sci_name.txt,BirdNET_GLOBAL_6K_V2.4_Model_FP32.tflite
G:\Chilcotin_Cariboo_ARU_2023\focal_analysis_3\Thaddus Lake\ARU_9584 (Site 1)\11455525_20230610_YellowRail2023 [+51.93134-122.68828]\00009584_11455525_20230610T023000-0700_REC [+51.93134-122.68828].wav,21.0,24.0,Cistothorus palustris,Marsh Wren,0.5457,0.0000,0.0000,-1,0,1.0,0.5,C:\Users\sunny541.stu\AppData\Local\Temp\684088f74cd800171d7d84116b36d9fc94d24255\focal_species_list_with_sci_name.txt,BirdNET_GLOBAL_6K_V2.4_Model_FP32.tflite
G:\Chilcotin_Cariboo_ARU_2023\focal_analysis_3\Thaddus Lake\ARU_9584 (Site 1)\11455525_20230610_YellowRail2023 [+51.93134-122.68828]\00009584_11455525_20230610T023000-0700_REC [+51.93134-122.68828].wav,24.0,27.0,Cistothorus palustris,Marsh Wren,0.9718,0.0000,0.0000,-1,0,1.0,0.5,C:\Users\sunny541.stu\AppData\Local\Temp\684088f74cd800171d7d84116b36d9fc94d24255\focal_species_list_with_sci_name.txt,BirdNET_GLOBAL_6K_V2.4_Model_FP32.tflite
G:\Chilcotin_Cariboo_ARU_2023\focal_analysis_3\Thaddus Lake\ARU_9584 (Site 1)\11455525_20230610_YellowRail2023 [+51.93134-122.68828]\00009584_11455525_20230610T023000-0700_REC [+51.93134-122.68828].wav,33.0,36.0,Cistothorus palustris,Marsh Wren,0.5862,0.0000,0.0000,-1,0,1.0,0.5,C:\Users\sunny541.stu\AppData\Local\Temp\684088f74cd800171d7d84116b36d9fc94d24255\focal_species_list_with_sci_name.txt,BirdNET_GLOBAL_6K_V2.4_Model_FP32.tflite
G:\Chilcotin_Cariboo_ARU_2023\focal_analysis_3\Thaddus Lake\ARU_9584 (Site 1)\11455525_20230610_YellowRail2023 [+51.93134-122.68828]\00009584_11455525_20230610T023000-0700_REC [+51.93134-122.68828].wav,39.0,42.0,Cistothorus palustris,Marsh Wren,0.8465,0.0000,0.0000,-1,0,1.0,0.5,C:\Users\sunny541.stu\AppData\Local\Temp\684088f74cd800171d7d84116b36d9fc94d24255\focal_species_list_with_sci_name.txt,BirdNET_GLOBAL_6K_V2.4_Model_FP32.tflite
G:\Chilcotin_Cariboo_ARU_2023\focal_analysis_3\Thaddus Lake\ARU_9584 (Site 1)\11455525_20230610_YellowRail2023 [+51.93134-122.68828]\00009584_11455525_20230610T023000-0700_REC [+51.93134-122.68828].wav,42.0,45.0,Cistothorus palustris,Marsh Wren,0.7875,0.0000,0.0000,-1,0,1.0,0.5,C:\Users\sunny541.stu\AppData\Local\Temp\684088f74cd800171d7d84116b36d9fc94d24255\focal_species_list_with_sci_name.txt,BirdNET_GLOBAL_6K_V2.4_Model_FP32.tflite
G:\Chilcotin_Cariboo_ARU_2023\focal_analysis_3\Thaddus Lake\ARU_9584 (Site 1)\11455525_20230610_YellowRail2023 [+51.93134-122.68828]\00009584_11455525_20230610T023000-0700_REC [+51.93134-122.68828].wav,45.0,48.0,Cistothorus palustris,Marsh Wren,0.9560,0.0000,0.0000,-1,0,1.0,0.5,C:\Users\sunny541.stu\AppData\Local\Temp\684088f74cd800171d7d84116b36d9fc94d24255\focal_species_list_with_sci_name.txt,BirdNET_GLOBAL_6K_V2.4_Model_FP32.tflite
G:\Chilcotin_Cariboo_ARU_2023\focal_analysis_3\Thaddus Lake\ARU_9584 (Site 1)\11455525_20230610_YellowRail2023 [+51.93134-122.68828]\00009584_11455525_20230610T023000-0700_REC [+51.93134-122.68828].wav,51.0,54.0,Cistothorus palustris,Marsh Wren,0.5277,0.0000,0.0000,-1,0,1.0,0.5,C:\Users\sunny541.stu\AppData\Local\Temp\684088f74cd800171d7d84116b36d9fc94d24255\focal_species_list_with_sci_name.txt,BirdNET_GLOBAL_6K_V2.4_Model_FP32.tflite
G:\Chilcotin_Cariboo_ARU_2023\focal_analysis_3\Thaddus Lake\ARU_9584 (Site 1)\11455525_20230610_YellowRail2023 [+51.93134-122.68828]\00009584_11455525_20230610T023000-0700_REC [+51.93134-122.68828].wav,54.0,57.0,Cistothorus palustris,Marsh Wren,0.6220,0.0000,0.0000,-1,0,1.0,0.5,C:\Users\sunny541.stu\AppData\Local\Temp\684088f74cd800171d7d84116b36d9fc94d24255\focal_species_list_with_sci_name.txt,BirdNET_GLOBAL_6K_V2.4_Model_FP32.tflite
G:\Chilcotin_Cariboo_ARU_2023\focal_analysis_3\Thaddus Lake\ARU_9584 (Site 1)\11455525_20230610_YellowRail2023 [+51.93134-122.68828]\00009584_11455525_20230610T023000-0700_REC [+51.93134-122.68828].wav,60.0,63.0,Cistothorus palustris,Marsh Wren,0.7585,0.0000,0.0000,-1,0,1.0,0.5,C:\Users\sunny541.stu\AppData\Local\Temp\684088f74cd800171d7d84116b36d9fc94d24255\focal_species_list_with_sci_name.txt,BirdNET_GLOBAL_6K_V2.4_Model_FP32.tflite
G:\Chilcotin_Cariboo_ARU_2023\focal_analysis_3\Thaddus Lake\ARU_9584 (Site 1)\11455525_20230610_YellowRail2023 [+51.93134-122.68828]\00009584_11455525_20230610T023000-0700_REC [+51.93134-122.68828].wav,66.0,69.0,Cistothorus palustris,Marsh Wren,0.7224,0.0000,0.0000,-1,0,1.0,0.5,C:\Users\sunny541.stu\AppData\Local\Temp\684088f74cd800171d7d84116b36d9fc94d24255\focal_species_list_with_sci_name.txt,BirdNET_GLOBAL_6K_V2.4_Model_FP32.tflite
G:\Chilcotin_Cariboo_ARU_2023\focal_analysis_3\Thaddus Lake\ARU_9584 (Site 1)\11455525_20230610_YellowRail2023 [+51.93134-122.68828]\00009584_11455525_20230610T023000-0700_REC [+51.93134-122.68828].wav,69.0,72.0,Cistothorus palustris,Marsh Wren,0.5053,0.0000,0.0000,-1,0,1.0,0.5,C:\Users\sunny541.stu\AppData\Local\Temp\684088f74cd800171d7d84116b36d9fc94d24255\focal_species_list_with_sci_name.txt,BirdNET_GLOBAL_6K_V2.4_Model_FP32.tflite
G:\Chilcotin_Cariboo_ARU_2023\focal_analysis_3\Thaddus Lake\ARU_9584 (Site 1)\11455525_20230610_YellowRail2023 [+51.93134-122.68828]\00009584_11455525_20230610T023000-0700_REC [+51.93134-122.68828].wav,72.0,75.0,Cistothorus palustris,Marsh Wren,0.5950,0.0000,0.0000,-1,0,1.0,0.5,C:\Users\sunny541.stu\AppData\Local\Temp\684088f74cd800171d7d84116b36d9fc94d24255\focal_species_list_with_sci_name.txt,BirdNET_GLOBAL_6K_V2.4_Model_FP32.tflite
G:\Chilcotin_Cariboo_ARU_2023\focal_analysis_3\Thaddus Lake\ARU_9584 (Site 1)\11455525_20230610_YellowRail2023 [+51.93134-122.68828]\00009584_11455525_20230610T023000-0700_REC [+51.93134-122.68828].wav,75.0,78.0,Cistothorus palustris,Marsh Wren,0.6610,0.0000,0.0000,-1,0,1.0,0.5,C:\Users\sunny541.stu\AppData\Local\Temp\684088f74cd800171d7d84116b36d9fc94d24255\focal_species_list_with_sci_name.txt,BirdNET_GLOBAL_6K_V2.4_Model_FP32.tflite
G:\Chilcotin_Cariboo_ARU_2023\focal_analysis_3\Thaddus Lake\ARU_9584 (Site 1)\11455525_20230610_YellowRail2023 [+51.93134-122.68828]\00009584_11455525_20230610T023000-0700_REC [+51.93134-122.68828].wav,81.0,84.0,Cistothorus palustris,Marsh Wren,0.5920,0.0000,0.0000,-1,0,1.0,0.5,C:\Users\sunny541.stu\AppData\Local\Temp\684088f74cd800171d7d84116b36d9fc94d24255\focal_species_list_with_sci_name.txt,BirdNET_GLOBAL_6K_V2.4_Model_FP32.tflite
G:\Chilcotin_Cariboo_ARU_2023\focal_analysis_3\Thaddus Lake\ARU_9584 (Site 1)\11455525_20230610_YellowRail2023 [+51.93134-122.68828]\00009584_11455525_20230610T023000-0700_REC [+51.93134-122.68828].wav,84.0,87.0,Cistothorus palustris,Marsh Wren,0.9909,0.0000,0.0000,-1,0,1.0,0.5,C:\Users\sunny541.stu\AppData\Local\Temp\684088f74cd800171d7d84116b36d9fc94d24255\focal_species_list_with_sci_name.txt,BirdNET_GLOBAL_6K_V2.4_Model_FP32.tflite
G:\Chilcotin_Cariboo_ARU_2023\focal_analysis_3\Thaddus Lake\ARU_9584 (Site 1)\11455525_20230610_YellowRail2023 [+51.93134-122.68828]\00009584_11455525_20230610T023000-0700_REC [+51.93134-122.68828].wav,87.0,90.0,Cistothorus palustris,Marsh Wren,0.7059,0.0000,0.0000,-1,0,1.0,0.5,C:\Users\sunny541.stu\AppData\Local\Temp\684088f74cd800171d7d84116b36d9fc94d24255\focal_species_list_with_sci_name.txt,BirdNET_GLOBAL_6K_V2.4_Model_FP32.tflite
G:\Chilcotin_Cariboo_ARU_2023\focal_analysis_3\Thaddus Lake\ARU_9584 (Site 1)\11455525_20230610_YellowRail2023 [+51.93134-122.68828]\00009584_11455525_20230610T023000-0700_REC [+51.93134-122.68828].wav,90.0,93.0,Cistothorus palustris,Marsh Wren,0.7625,0.0000,0.0000,-1,0,1.0,0.5,C:\Users\sunny541.stu\AppData\Local\Temp\684088f74cd800171d7d84116b36d9fc94d24255\focal_species_list_with_sci_name.txt,BirdNET_GLOBAL_6K_V2.4_Model_FP32.tflite
G:\Chilcotin_Cariboo_ARU_2023\focal_analysis_3\Thaddus Lake\ARU_9584 (Site 1)\11455525_20230610_YellowRail2023 [+51.93134-122.68828]\00009584_11455525_20230610T023000-0700_REC [+51.93134-122.68828].wav,96.0,99.0,Cistothorus palustris,Marsh Wren,0.7886,0.0000,0.0000,-1,0,1.0,0.5,C:\Users\sunny541.stu\AppData\Local\Temp\684088f74cd800171d7d84116b36d9fc94d24255\focal_species_list_with_sci_name.txt,BirdNET_GLOBAL_6K_V2.4_Model_FP32.tflite
G:\Chilcotin_Cariboo_ARU_2023\focal_analysis_3\Thaddus Lake\ARU_9584 (Site 1)\11455525_20230610_YellowRail2023 [+51.93134-122.68828]\00009584_11455525_20230610T023000-0700_REC [+51.93134-122.68828].wav,102.0,105.0,Cistothorus palustris,Marsh Wren,0.9912,0.0000,0.0000,-1,0,1.0,0.5,C:\Users\sunny541.stu\AppData\Local\Temp\684088f74cd800171d7d84116b36d9fc94d24255\focal_species_list_with_sci_name.txt,BirdNET_GLOBAL_6K_V2.4_Model_FP32.tflite
G:\Chilcotin_Cariboo_ARU_2023\focal_analysis_3\Thaddus Lake\ARU_9584 (Site 1)\11455525_20230610_YellowRail2023 [+51.93134-122.68828]\00009584_11455525_20230610T023000-0700_REC [+51.93134-122.68828].wav,105.0,108.0,Cistothorus palustris,Marsh Wren,0.5061,0.0000,0.0000,-1,0,1.0,0.5,C:\Users\sunny541.stu\AppData\Local\Temp\684088f74cd800171d7d84116b36d9fc94d24255\focal_species_list_with_sci_name.txt,BirdNET_GLOBAL_6K_V2.4_Model_FP32.tflite
G:\Chilcotin_Cariboo_ARU_2023\focal_analysis_3\Thaddus Lake\ARU_9584 (Site 1)\11455525_20230610_YellowRail2023 [+51.93134-122.68828]\00009584_11455525_20230610T023000-0700_REC [+51.93134-122.68828].wav,111.0,114.0,Cistothorus palustris,Marsh Wren,0.9447,0.0000,0.0000,-1,0,1.0,0.5,C:\Users\sunny541.stu\AppData\Local\Temp\684088f74cd800171d7d84116b36d9fc94d24255\focal_species_list_with_sci_name.txt,BirdNET_GLOBAL_6K_V2.4_Model_FP32.tflite
G:\Chilcotin_Cariboo_ARU_2023\focal_analysis_3\Thaddus Lake\ARU_9584 (Site 1)\11455525_20230610_YellowRail2023 [+51.93134-122.68828]\00009584_11455525_20230610T023000-0700_REC [+51.93134-122.68828].wav,117.0,120.0,Cistothorus palustris,Marsh Wren,0.5155,0.0000,0.0000,-1,0,1.0,0.5,C:\Users\sunny541.stu\AppData\Local\Temp\684088f74cd800171d7d84116b36d9fc94d24255\focal_species_list_with_sci_name.txt,BirdNET_GLOBAL_6K_V2.4_Model_FP32.tflite
G:\Chilcotin_Cariboo_ARU_2023\focal_analysis_3\Thaddus Lake\ARU_9584 (Site 1)\11455525_20230610_YellowRail2023 [+51.93134-122.68828]\00009584_11455525_20230610T023000-0700_REC [+51.93134-122.68828].wav,120.0,123.0,Cistothorus palustris,Marsh Wren,0.8055,0.0000,0.0000,-1,0,1.0,0.5,C:\Users\sunny541.stu\AppData\Local\Temp\684088f74cd800171d7d84116b36d9fc94d24255\focal_species_list_with_sci_name.txt,BirdNET_GLOBAL_6K_V2.4_Model_FP32.tflite
G:\Chilcotin_Cariboo_ARU_2023\focal_analysis_3\Thaddus Lake\ARU_9584 (Site 1)\11455525_20230610_YellowRail2023 [+51.93134-122.68828]\00009584_11455525_20230610T023000-0700_REC [+51.93134-122.68828].wav,126.0,129.0,Cistothorus palustris,Marsh Wren,0.7640,0.0000,0.0000,-1,0,1.0,0.5,C:\Users\sunny541.stu\AppData\Local\Temp\684088f74cd800171d7d84116b36d9fc94d24255\focal_species_list_with_sci_name.txt,BirdNET_GLOBAL_6K_V2.4_Model_FP32.tflite
G:\Chilcotin_Cariboo_ARU_2023\focal_analysis_3\Thaddus Lake\ARU_9584 (Site 1)\11455525_20230610_YellowRail2023 [+51.93134-122.68828]\00009584_11455525_20230610T023000-0700_REC [+51.93134-122.68828].wav,132.0,135.0,Cistothorus palustris,Marsh Wren,0.8567,0.0000,0.0000,-1,0,1.0,0.5,C:\Users\sunny541.stu\AppData\Local\Temp\684088f74cd800171d7d84116b36d9fc94d24255\focal_species_list_with_sci_name.txt,BirdNET_GLOBAL_6K_V2.4_Model_FP32.tflite
G:\Chilcotin_Cariboo_ARU_2023\focal_analysis_3\Thaddus Lake\ARU_9584 (Site 1)\11455525_20230610_YellowRail2023 [+51.93134-122.68828]\00009584_11455525_20230610T023000-0700_REC [+51.93134-122.68828].wav,135.0,138.0,Cistothorus palustris,Marsh Wren,0.6282,0.0000,0.0000,-1,0,1.0,0.5,C:\Users\sunny541.stu\AppData\Local\Temp\684088f74cd800171d7d84116b36d9fc94d24255\focal_species_list_with_sci_name.txt,BirdNET_GLOBAL_6K_V2.4_Model_FP32.tflite
G:\Chilcotin_Cariboo_ARU_2023\focal_analysis_3\Thaddus Lake\ARU_9584 (Site 1)\11455525_20230610_YellowRail2023 [+51.93134-122.68828]\00009584_11455525_20230610T023000-0700_REC [+51.93134-122.68828].wav,138.0,141.0,Cistothorus palustris,Marsh Wren,0.9821,0.0000,0.0000,-1,0,1.0,0.5,C:\Users\sunny541.stu\AppData\Local\Temp\684088f74cd800171d7d84116b36d9fc94d24255\focal_species_list_with_sci_name.txt,BirdNET_GLOBAL_6K_V2.4_Model_FP32.tflite
G:\Chilcotin_Cariboo_ARU_2023\focal_analysis_3\Thaddus Lake\ARU_9584 (Site 1)\11455525_20230610_YellowRail2023 [+51.93134-122.68828]\00009584_11455525_20230610T023000-0700_REC [+51.93134-122.68828].wav,141.0,144.0,Cistothorus palustris,Marsh Wren,0.8992,0.0000,0.0000,-1,0,1.0,0.5,C:\Users\sunny541.stu\AppData\Local\Temp\684088f74cd800171d7d84116b36d9fc94d24255\focal_species_list_with_sci_name.txt,BirdNET_GLOBAL_6K_V2.4_Model_FP32.tflite
G:\Chilcotin_Cariboo_ARU_2023\focal_analysis_3\Thaddus Lake\ARU_9584 (Site 1)\11455525_20230610_YellowRail2023 [+51.93134-122.68828]\00009584_11455525_20230610T023000-0700_REC [+51.93134-122.68828].wav,150.0,153.0,Cistothorus palustris,Marsh Wren,0.6972,0.0000,0.0000,-1,0,1.0,0.5,C:\Users\sunny541.stu\AppData\Local\Temp\684088f74cd800171d7d84116b36d9fc94d24255\focal_species_list_with_sci_name.txt,BirdNET_GLOBAL_6K_V2.4_Model_FP32.tflite
G:\Chilcotin_Cariboo_ARU_2023\focal_analysis_3\Thaddus Lake\ARU_9584 (Site 1)\11455525_20230610_YellowRail2023 [+51.93134-122.68828]\00009584_11455525_20230610T023000-0700_REC [+51.93134-122.68828].wav,153.0,156.0,Cistothorus palustris,Marsh Wren,0.5370,0.0000,0.0000,-1,0,1.0,0.5,C:\Users\sunny541.stu\AppData\Local\Temp\684088f74cd800171d7d84116b36d9fc94d24255\focal_species_list_with_sci_name.txt,BirdNET_GLOBAL_6K_V2.4_Model_FP32.tflite
G:\Chilcotin_Cariboo_ARU_2023\focal_analysis_3\Thaddus Lake\ARU_9584 (Site 1)\11455525_20230610_YellowRail2023 [+51.93134-122.68828]\00009584_11455525_20230610T023000-0700_REC [+51.93134-122.68828].wav,165.0,168.0,Cistothorus palustris,Marsh Wren,0.5845,0.0000,0.0000,-1,0,1.0,0.5,C:\Users\sunny541.stu\AppData\Local\Temp\684088f74cd800171d7d84116b36d9fc94d24255\focal_species_list_with_sci_name.txt,BirdNET_GLOBAL_6K_V2.4_Model_FP32.tflite
G:\Chilcotin_Cariboo_ARU_2023\focal_analysis_3\Thaddus Lake\ARU_9584 (Site 1)\11455525_20230610_YellowRail2023 [+51.93134-122.68828]\00009584_11455525_20230610T023000-0700_REC [+51.93134-122.68828].wav,174.0,177.0,Cistothorus palustris,Marsh Wren,0.7403,0.0000,0.0000,-1,0,1.0,0.5,C:\Users\sunny541.stu\AppData\Local\Temp\684088f74cd800171d7d84116b36d9fc94d24255\focal_species_list_with_sci_name.txt,BirdNET_GLOBAL_6K_V2.4_Model_FP32.tflite
G:\Chilcotin_Cariboo_ARU_2023\focal_analysis_3\Thaddus Lake\ARU_9584 (Site 1)\11455525_20230610_YellowRail2023 [+51.93134-122.68828]\00009584_11455525_20230610T023000-0700_REC [+51.93134-122.68828].wav,180.0,183.0,Cistothorus palustris,Marsh Wren,0.7234,0.0000,0.0000,-1,0,1.0,0.5,C:\Users\sunny541.stu\AppData\Local\Temp\684088f74cd800171d7d84116b36d9fc94d24255\focal_species_list_with_sci_name.txt,BirdNET_GLOBAL_6K_V2.4_Model_FP32.tflite
G:\Chilcotin_Cariboo_ARU_2023\focal_analysis_3\Thaddus Lake\ARU_9584 (Site 1)\11455525_20230610_YellowRail2023 [+51.93134-122.68828]\00009584_11455525_20230610T023000-0700_REC [+51.93134-122.68828].wav,186.0,189.0,Cistothorus palustris,Marsh Wren,0.6100,0.0000,0.0000,-1,0,1.0,0.5,C:\Users\sunny541.stu\AppData\Local\Temp\684088f74cd800171d7d84116b36d9fc94d24255\focal_species_list_with_sci_name.txt,BirdNET_GLOBAL_6K_V2.4_Model_FP32.tflite
G:\Chilcotin_Cariboo_ARU_2023\focal_analysis_3\Thaddus Lake\ARU_9584 (Site 1)\11455525_20230610_YellowRail2023 [+51.93134-122.68828]\00009584_11455525_20230610T023000-0700_REC [+51.93134-122.68828].wav,195.0,198.0,Cistothorus palustris,Marsh Wren,0.7825,0.0000,0.0000,-1,0,1.0,0.5,C:\Users\sunny541.stu\AppData\Local\Temp\684088f74cd800171d7d84116b36d9fc94d24255\focal_species_list_with_sci_name.txt,BirdNET_GLOBAL_6K_V2.4_Model_FP32.tflite
G:\Chilcotin_Cariboo_ARU_2023\focal_analysis_3\Thaddus Lake\ARU_9584 (Site 1)\11455525_20230610_YellowRail2023 [+51.93134-122.68828]\00009584_11455525_20230610T023000-0700_REC [+51.93134-122.68828].wav,198.0,201.0,Cistothorus palustris,Marsh Wren,0.8519,0.0000,0.0000,-1,0,1.0,0.5,C:\Users\sunny541.stu\AppData\Local\Temp\684088f74cd800171d7d84116b36d9fc94d24255\focal_species_list_with_sci_name.txt,BirdNET_GLOBAL_6K_V2.4_Model_FP32.tflite
G:\Chilcotin_Cariboo_ARU_2023\focal_analysis_3\Thaddus Lake\ARU_9584 (Site 1)\11455525_20230610_YellowRail2023 [+51.93134-122.68828]\00009584_11455525_20230610T023000-0700_REC [+51.93134-122.68828].wav,213.0,216.0,Cistothorus palustris,Marsh Wren,0.9400,0.0000,0.0000,-1,0,1.0,0.5,C:\Users\sunny541.stu\AppData\Local\Temp\684088f74cd800171d7d84116b36d9fc94d24255\focal_species_list_with_sci_name.txt,BirdNET_GLOBAL_6K_V2.4_Model_FP32.tflite
G:\Chilcotin_Cariboo_ARU_2023\focal_analysis_3\Thaddus Lake\ARU_9584 (Site 1)\11455525_20230610_YellowRail2023 [+51.93134-122.68828]\00009584_11455525_20230610T023000-0700_REC [+51.93134-122.68828].wav,216.0,219.0,Cistothorus palustris,Marsh Wren,0.8079,0.0000,0.0000,-1,0,1.0,0.5,C:\Users\sunny541.stu\AppData\Local\Temp\684088f74cd800171d7d84116b36d9fc94d24255\focal_species_list_with_sci_name.txt,BirdNET_GLOBAL_6K_V2.4_Model_FP32.tflite
G:\Chilcotin_Cariboo_ARU_2023\focal_analysis_3\Thaddus Lake\ARU_9584 (Site 1)\11455525_20230610_YellowRail2023 [+51.93134-122.68828]\00009584_11455525_20230610T023000-0700_REC [+51.93134-122.68828].wav,219.0,222.0,Cistothorus palustris,Marsh Wren,0.9430,0.0000,0.0000,-1,0,1.0,0.5,C:\Users\sunny541.stu\AppData\Local\Temp\684088f74cd800171d7d84116b36d9fc94d24255\focal_species_list_with_sci_name.txt,BirdNET_GLOBAL_6K_V2.4_Model_FP32.tflite
G:\Chilcotin_Cariboo_ARU_2023\focal_analysis_3\Thaddus Lake\ARU_9584 (Site 1)\11455525_20230610_YellowRail2023 [+51.93134-122.68828]\00009584_11455525_20230610T023000-0700_REC [+51.93134-122.68828].wav,222.0,225.0,Cistothorus palustris,Marsh Wren,0.6770,0.0000,0.0000,-1,0,1.0,0.5,C:\Users\sunny541.stu\AppData\Local\Temp\684088f74cd800171d7d84116b36d9fc94d24255\focal_species_list_with_sci_name.txt,BirdNET_GLOBAL_6K_V2.4_Model_FP32.tflite
G:\Chilcotin_Cariboo_ARU_2023\focal_analysis_3\Thaddus Lake\ARU_9584 (Site 1)\11455525_20230610_YellowRail2023 [+51.93134-122.68828]\00009584_11455525_20230610T023000-0700_REC [+51.93134-122.68828].wav,231.0,234.0,Cistothorus palustris,Marsh Wren,0.7284,0.0000,0.0000,-1,0,1.0,0.5,C:\Users\sunny541.stu\AppData\Local\Temp\684088f74cd800171d7d84116b36d9fc94d24255\focal_species_list_with_sci_name.txt,BirdNET_GLOBAL_6K_V2.4_Model_FP32.tflite
G:\Chilcotin_Cariboo_ARU_2023\focal_analysis_3\Thaddus Lake\ARU_9584 (Site 1)\11455525_20230610_YellowRail2023 [+51.93134-122.68828]\00009584_11455525_20230610T023000-0700_REC [+51.93134-122.68828].wav,237.0,240.0,Cistothorus palustris,Marsh Wren,0.8977,0.0000,0.0000,-1,0,1.0,0.5,C:\Users\sunny541.stu\AppData\Local\Temp\684088f74cd800171d7d84116b36d9fc94d24255\focal_species_list_with_sci_name.txt,BirdNET_GLOBAL_6K_V2.4_Model_FP32.tflite
G:\Chilcotin_Cariboo_ARU_2023\focal_analysis_3\Thaddus Lake\ARU_9584 (Site 1)\11455525_20230610_YellowRail2023 [+51.93134-122.68828]\00009584_11455525_20230610T023000-0700_REC [+51.93134-122.68828].wav,243.0,246.0,Cistothorus palustris,Marsh Wren,0.9534,0.0000,0.0000,-1,0,1.0,0.5,C:\Users\sunny541.stu\AppData\Local\Temp\684088f74cd800171d7d84116b36d9fc94d24255\focal_species_list_with_sci_name.txt,BirdNET_GLOBAL_6K_V2.4_Model_FP32.tflite
G:\Chilcotin_Cariboo_ARU_2023\focal_analysis_3\Thaddus Lake\ARU_9584 (Site 1)\11455525_20230610_YellowRail2023 [+51.93134-122.68828]\00009584_11455525_20230610T023000-0700_REC [+51.93134-122.68828].wav,249.0,252.0,Cistothorus palustris,Marsh Wren,0.8950,0.0000,0.0000,-1,0,1.0,0.5,C:\Users\sunny541.stu\AppData\Local\Temp\684088f74cd800171d7d84116b36d9fc94d24255\focal_species_list_with_sci_name.txt,BirdNET_GLOBAL_6K_V2.4_Model_FP32.tflite
G:\Chilcotin_Cariboo_ARU_2023\focal_analysis_3\Thaddus Lake\ARU_9584 (Site 1)\11455525_20230610_YellowRail2023 [+51.93134-122.68828]\00009584_11455525_20230610T023000-0700_REC [+51.93134-122.68828].wav,255.0,258.0,Cistothorus palustris,Marsh Wren,0.6058,0.0000,0.0000,-1,0,1.0,0.5,C:\Users\sunny541.stu\AppData\Local\Temp\684088f74cd800171d7d84116b36d9fc94d24255\focal_species_list_with_sci_name.txt,BirdNET_GLOBAL_6K_V2.4_Model_FP32.tflite
G:\Chilcotin_Cariboo_ARU_2023\focal_analysis_3\Thaddus Lake\ARU_9584 (Site 1)\11455525_20230610_YellowRail2023 [+51.93134-122.68828]\00009584_11455525_20230610T023000-0700_REC [+51.93134-122.68828].wav,258.0,261.0,Cistothorus palustris,Marsh Wren,0.7775,0.0000,0.0000,-1,0,1.0,0.5,C:\Users\sunny541.stu\AppData\Local\Temp\684088f74cd800171d7d84116b36d9fc94d24255\focal_species_list_with_sci_name.txt,BirdNET_GLOBAL_6K_V2.4_Model_FP32.tflite
G:\Chilcotin_Cariboo_ARU_2023\focal_analysis_3\Thaddus Lake\ARU_9584 (Site 1)\11455525_20230610_YellowRail2023 [+51.93134-122.68828]\00009584_11455525_20230610T023000-0700_REC [+51.93134-122.68828].wav,264.0,267.0,Cistothorus palustris,Marsh Wren,0.7293,0.0000,0.0000,-1,0,1.0,0.5,C:\Users\sunny541.stu\AppData\Local\Temp\684088f74cd800171d7d84116b36d9fc94d24255\focal_species_list_with_sci_name.txt,BirdNET_GLOBAL_6K_V2.4_Model_FP32.tflite
G:\Chilcotin_Cariboo_ARU_2023\focal_analysis_3\Thaddus Lake\ARU_9584 (Site 1)\11455525_20230610_YellowRail2023 [+51.93134-122.68828]\00009584_11455525_20230610T023000-0700_REC [+51.93134-122.68828].wav,270.0,273.0,Cistothorus palustris,Marsh Wren,0.8133,0.0000,0.0000,-1,0,1.0,0.5,C:\Users\sunny541.stu\AppData\Local\Temp\684088f74cd800171d7d84116b36d9fc94d24255\focal_species_list_with_sci_name.txt,BirdNET_GLOBAL_6K_V2.4_Model_FP32.tflite
G:\Chilcotin_Cariboo_ARU_2023\focal_analysis_3\Thaddus Lake\ARU_9584 (Site 1)\11455525_20230610_YellowRail2023 [+51.93134-122.68828]\00009584_11455525_20230610T023000-0700_REC [+51.93134-122.68828].wav,276.0,279.0,Cistothorus palustris,Marsh Wren,0.7910,0.0000,0.0000,-1,0,1.0,0.5,C:\Users\sunny541.stu\AppData\Local\Temp\684088f74cd800171d7d84116b36d9fc94d24255\focal_species_list_with_sci_name.txt,BirdNET_GLOBAL_6K_V2.4_Model_FP32.tflite
G:\Chilcotin_Cariboo_ARU_2023\focal_analysis_3\Thaddus Lake\ARU_9584 (Site 1)\11455525_20230610_YellowRail2023 [+51.93134-122.68828]\00009584_11455525_20230610T023000-0700_REC [+51.93134-122.68828].wav,279.0,282.0,Cistothorus palustris,Marsh Wren,0.7559,0.0000,0.0000,-1,0,1.0,0.5,C:\Users\sunny541.stu\AppData\Local\Temp\684088f74cd800171d7d84116b36d9fc94d24255\focal_species_list_with_sci_name.txt,BirdNET_GLOBAL_6K_V2.4_Model_FP32.tflite
G:\Chilcotin_Cariboo_ARU_2023\focal_analysis_3\Thaddus Lake\ARU_9584 (Site 1)\11455525_20230610_YellowRail2023 [+51.93134-122.68828]\00009584_11455525_20230610T023000-0700_REC [+51.93134-122.68828].wav,282.0,285.0,Cistothorus palustris,Marsh Wren,0.5762,0.0000,0.0000,-1,0,1.0,0.5,C:\Users\sunny541.stu\AppData\Local\Temp\684088f74cd800171d7d84116b36d9fc94d24255\focal_species_list_with_sci_name.txt,BirdNET_GLOBAL_6K_V2.4_Model_FP32.tflite
G:\Chilcotin_Cariboo_ARU_2023\focal_analysis_3\Thaddus Lake\ARU_9584 (Site 1)\11455525_20230610_YellowRail2023 [+51.93134-122.68828]\00009584_11455525_20230610T023000-0700_REC [+51.93134-122.68828].wav,291.0,294.0,Cistothorus palustris,Marsh Wren,0.7127,0.0000,0.0000,-1,0,1.0,0.5,C:\Users\sunny541.stu\AppData\Local\Temp\684088f74cd800171d7d84116b36d9fc94d24255\focal_species_list_with_sci_name.txt,BirdNET_GLOBAL_6K_V2.4_Model_FP32.tflite
G:\Chilcotin_Cariboo_ARU_2023\focal_analysis_3\Thaddus Lake\ARU_9584 (Site 1)\11455525_20230610_YellowRail2023 [+51.93134-122.68828]\00009584_11455525_20230610T023000-0700_REC [+51.93134-122.68828].wav,294.0,297.0,Cistothorus palustris,Marsh Wren,0.9296,0.0000,0.0000,-1,0,1.0,0.5,C:\Users\sunny541.stu\AppData\Local\Temp\684088f74cd800171d7d84116b36d9fc94d24255\focal_species_list_with_sci_name.txt,BirdNET_GLOBAL_6K_V2.4_Model_FP32.tflite