filepath,start,end,scientific_name,common_name,confidence,lat,lon,week,overlap,sensitivity,min_conf,species_list,model
G:\Chilcotin_Cariboo_ARU_2023\z_BirdNET GUI folder\Tatton Lake\ARU_9633 (Site 2)\16801545_20230618_YellowRail2023 [+51.71449-121.28731]\00009633_16801545_20230618T045000-0700_REC [+51.71449-121.28731].wav,0,3.0,Empidonax traillii,Willow Flycatcher,0.8635,52.0000,-122.0000,24,0,1.0,0.5,None,BirdNET_GLOBAL_6K_V2.4_Model_FP32.tflite
G:\Chilcotin_Cariboo_ARU_2023\z_BirdNET GUI folder\Tatton Lake\ARU_9633 (Site 2)\16801545_20230618_YellowRail2023 [+51.71449-121.28731]\00009633_16801545_20230618T045000-0700_REC [+51.71449-121.28731].wav,3.0,6.0,Leiothlypis peregrina,Tennessee Warbler,0.5397,52.0000,-122.0000,24,0,1.0,0.5,None,BirdNET_GLOBAL_6K_V2.4_Model_FP32.tflite
G:\Chilcotin_Cariboo_ARU_2023\z_BirdNET GUI folder\Tatton Lake\ARU_9633 (Site 2)\16801545_20230618_YellowRail2023 [+51.71449-121.28731]\00009633_16801545_20230618T045000-0700_REC [+51.71449-121.28731].wav,6.0,9.0,Empidonax traillii,Willow Flycatcher,0.9168,52.0000,-122.0000,24,0,1.0,0.5,None,BirdNET_GLOBAL_6K_V2.4_Model_FP32.tflite
G:\Chilcotin_Cariboo_ARU_2023\z_BirdNET GUI folder\Tatton Lake\ARU_9633 (Site 2)\16801545_20230618_YellowRail2023 [+51.71449-121.28731]\00009633_16801545_20230618T045000-0700_REC [+51.71449-121.28731].wav,18.0,21.0,Gavia immer,Common Loon,0.9885,52.0000,-122.0000,24,0,1.0,0.5,None,BirdNET_GLOBAL_6K_V2.4_Model_FP32.tflite
G:\Chilcotin_Cariboo_ARU_2023\z_BirdNET GUI folder\Tatton Lake\ARU_9633 (Site 2)\16801545_20230618_YellowRail2023 [+51.71449-121.28731]\00009633_16801545_20230618T045000-0700_REC [+51.71449-121.28731].wav,21.0,24.0,Gavia immer,Common Loon,0.8900,52.0000,-122.0000,24,0,1.0,0.5,None,BirdNET_GLOBAL_6K_V2.4_Model_FP32.tflite
G:\Chilcotin_Cariboo_ARU_2023\z_BirdNET GUI folder\Tatton Lake\ARU_9633 (Site 2)\16801545_20230618_YellowRail2023 [+51.71449-121.28731]\00009633_16801545_20230618T045000-0700_REC [+51.71449-121.28731].wav,21.0,24.0,Leiothlypis peregrina,Tennessee Warbler,0.7612,52.0000,-122.0000,24,0,1.0,0.5,None,BirdNET_GLOBAL_6K_V2.4_Model_FP32.tflite
G:\Chilcotin_Cariboo_ARU_2023\z_BirdNET GUI folder\Tatton Lake\ARU_9633 (Site 2)\16801545_20230618_YellowRail2023 [+51.71449-121.28731]\00009633_16801545_20230618T045000-0700_REC [+51.71449-121.28731].wav,24.0,27.0,Empidonax traillii,Willow Flycatcher,0.9575,52.0000,-122.0000,24,0,1.0,0.5,None,BirdNET_GLOBAL_6K_V2.4_Model_FP32.tflite
G:\Chilcotin_Cariboo_ARU_2023\z_BirdNET GUI folder\Tatton Lake\ARU_9633 (Site 2)\16801545_20230618_YellowRail2023 [+51.71449-121.28731]\00009633_16801545_20230618T045000-0700_REC [+51.71449-121.28731].wav,30.0,33.0,Empidonax traillii,Willow Flycatcher,0.9106,52.0000,-122.0000,24,0,1.0,0.5,None,BirdNET_GLOBAL_6K_V2.4_Model_FP32.tflite
G:\Chilcotin_Cariboo_ARU_2023\z_BirdNET GUI folder\Tatton Lake\ARU_9633 (Site 2)\16801545_20230618_YellowRail2023 [+51.71449-121.28731]\00009633_16801545_20230618T045000-0700_REC [+51.71449-121.28731].wav,42.0,45.0,Leiothlypis peregrina,Tennessee Warbler,0.7094,52.0000,-122.0000,24,0,1.0,0.5,None,BirdNET_GLOBAL_6K_V2.4_Model_FP32.tflite
G:\Chilcotin_Cariboo_ARU_2023\z_BirdNET GUI folder\Tatton Lake\ARU_9633 (Site 2)\16801545_20230618_YellowRail2023 [+51.71449-121.28731]\00009633_16801545_20230618T045000-0700_REC [+51.71449-121.28731].wav,48.0,51.0,Leiothlypis peregrina,Tennessee Warbler,0.9082,52.0000,-122.0000,24,0,1.0,0.5,None,BirdNET_GLOBAL_6K_V2.4_Model_FP32.tflite
G:\Chilcotin_Cariboo_ARU_2023\z_BirdNET GUI folder\Tatton Lake\ARU_9633 (Site 2)\16801545_20230618_YellowRail2023 [+51.71449-121.28731]\00009633_16801545_20230618T045000-0700_REC [+51.71449-121.28731].wav,51.0,54.0,Empidonax traillii,Willow Flycatcher,0.9858,52.0000,-122.0000,24,0,1.0,0.5,None,BirdNET_GLOBAL_6K_V2.4_Model_FP32.tflite
G:\Chilcotin_Cariboo_ARU_2023\z_BirdNET GUI folder\Tatton Lake\ARU_9633 (Site 2)\16801545_20230618_YellowRail2023 [+51.71449-121.28731]\00009633_16801545_20230618T045000-0700_REC [+51.71449-121.28731].wav,54.0,57.0,Empidonax traillii,Willow Flycatcher,0.8663,52.0000,-122.0000,24,0,1.0,0.5,None,BirdNET_GLOBAL_6K_V2.4_Model_FP32.tflite
G:\Chilcotin_Cariboo_ARU_2023\z_BirdNET GUI folder\Tatton Lake\ARU_9633 (Site 2)\16801545_20230618_YellowRail2023 [+51.71449-121.28731]\00009633_16801545_20230618T045000-0700_REC [+51.71449-121.28731].wav,57.0,60.0,Leiothlypis peregrina,Tennessee Warbler,0.6314,52.0000,-122.0000,24,0,1.0,0.5,None,BirdNET_GLOBAL_6K_V2.4_Model_FP32.tflite
G:\Chilcotin_Cariboo_ARU_2023\z_BirdNET GUI folder\Tatton Lake\ARU_9633 (Site 2)\16801545_20230618_YellowRail2023 [+51.71449-121.28731]\00009633_16801545_20230618T045000-0700_REC [+51.71449-121.28731].wav,60.0,63.0,Empidonax traillii,Willow Flycatcher,0.9852,52.0000,-122.0000,24,0,1.0,0.5,None,BirdNET_GLOBAL_6K_V2.4_Model_FP32.tflite
G:\Chilcotin_Cariboo_ARU_2023\z_BirdNET GUI folder\Tatton Lake\ARU_9633 (Site 2)\16801545_20230618_YellowRail2023 [+51.71449-121.28731]\00009633_16801545_20230618T045000-0700_REC [+51.71449-121.28731].wav,72.0,75.0,Empidonax traillii,Willow Flycatcher,0.6359,52.0000,-122.0000,24,0,1.0,0.5,None,BirdNET_GLOBAL_6K_V2.4_Model_FP32.tflite
G:\Chilcotin_Cariboo_ARU_2023\z_BirdNET GUI folder\Tatton Lake\ARU_9633 (Site 2)\16801545_20230618_YellowRail2023 [+51.71449-121.28731]\00009633_16801545_20230618T045000-0700_REC [+51.71449-121.28731].wav,75.0,78.0,Empidonax traillii,Willow Flycatcher,0.9925,52.0000,-122.0000,24,0,1.0,0.5,None,BirdNET_GLOBAL_6K_V2.4_Model_FP32.tflite
G:\Chilcotin_Cariboo_ARU_2023\z_BirdNET GUI folder\Tatton Lake\ARU_9633 (Site 2)\16801545_20230618_YellowRail2023 [+51.71449-121.28731]\00009633_16801545_20230618T045000-0700_REC [+51.71449-121.28731].wav,78.0,81.0,Leiothlypis peregrina,Tennessee Warbler,0.6601,52.0000,-122.0000,24,0,1.0,0.5,None,BirdNET_GLOBAL_6K_V2.4_Model_FP32.tflite
G:\Chilcotin_Cariboo_ARU_2023\z_BirdNET GUI folder\Tatton Lake\ARU_9633 (Site 2)\16801545_20230618_YellowRail2023 [+51.71449-121.28731]\00009633_16801545_20230618T045000-0700_REC [+51.71449-121.28731].wav,81.0,84.0,Leiothlypis peregrina,Tennessee Warbler,0.6681,52.0000,-122.0000,24,0,1.0,0.5,None,BirdNET_GLOBAL_6K_V2.4_Model_FP32.tflite
G:\Chilcotin_Cariboo_ARU_2023\z_BirdNET GUI folder\Tatton Lake\ARU_9633 (Site 2)\16801545_20230618_YellowRail2023 [+51.71449-121.28731]\00009633_16801545_20230618T045000-0700_REC [+51.71449-121.28731].wav,84.0,87.0,Empidonax traillii,Willow Flycatcher,0.7970,52.0000,-122.0000,24,0,1.0,0.5,None,BirdNET_GLOBAL_6K_V2.4_Model_FP32.tflite
G:\Chilcotin_Cariboo_ARU_2023\z_BirdNET GUI folder\Tatton Lake\ARU_9633 (Site 2)\16801545_20230618_YellowRail2023 [+51.71449-121.28731]\00009633_16801545_20230618T045000-0700_REC [+51.71449-121.28731].wav,87.0,90.0,Empidonax traillii,Willow Flycatcher,0.7961,52.0000,-122.0000,24,0,1.0,0.5,None,BirdNET_GLOBAL_6K_V2.4_Model_FP32.tflite
G:\Chilcotin_Cariboo_ARU_2023\z_BirdNET GUI folder\Tatton Lake\ARU_9633 (Site 2)\16801545_20230618_YellowRail2023 [+51.71449-121.28731]\00009633_16801545_20230618T045000-0700_REC [+51.71449-121.28731].wav,93.0,96.0,Empidonax traillii,Willow Flycatcher,0.6072,52.0000,-122.0000,24,0,1.0,0.5,None,BirdNET_GLOBAL_6K_V2.4_Model_FP32.tflite
G:\Chilcotin_Cariboo_ARU_2023\z_BirdNET GUI folder\Tatton Lake\ARU_9633 (Site 2)\16801545_20230618_YellowRail2023 [+51.71449-121.28731]\00009633_16801545_20230618T045000-0700_REC [+51.71449-121.28731].wav,96.0,99.0,Empidonax traillii,Willow Flycatcher,0.9418,52.0000,-122.0000,24,0,1.0,0.5,None,BirdNET_GLOBAL_6K_V2.4_Model_FP32.tflite
G:\Chilcotin_Cariboo_ARU_2023\z_BirdNET GUI folder\Tatton Lake\ARU_9633 (Site 2)\16801545_20230618_YellowRail2023 [+51.71449-121.28731]\00009633_16801545_20230618T045000-0700_REC [+51.71449-121.28731].wav,96.0,99.0,Leiothlypis peregrina,Tennessee Warbler,0.7620,52.0000,-122.0000,24,0,1.0,0.5,None,BirdNET_GLOBAL_6K_V2.4_Model_FP32.tflite
G:\Chilcotin_Cariboo_ARU_2023\z_BirdNET GUI folder\Tatton Lake\ARU_9633 (Site 2)\16801545_20230618_YellowRail2023 [+51.71449-121.28731]\00009633_16801545_20230618T045000-0700_REC [+51.71449-121.28731].wav,105.0,108.0,Empidonax traillii,Willow Flycatcher,0.5702,52.0000,-122.0000,24,0,1.0,0.5,None,BirdNET_GLOBAL_6K_V2.4_Model_FP32.tflite
G:\Chilcotin_Cariboo_ARU_2023\z_BirdNET GUI folder\Tatton Lake\ARU_9633 (Site 2)\16801545_20230618_YellowRail2023 [+51.71449-121.28731]\00009633_16801545_20230618T045000-0700_REC [+51.71449-121.28731].wav,111.0,114.0,Empidonax traillii,Willow Flycatcher,0.9884,52.0000,-122.0000,24,0,1.0,0.5,None,BirdNET_GLOBAL_6K_V2.4_Model_FP32.tflite
G:\Chilcotin_Cariboo_ARU_2023\z_BirdNET GUI folder\Tatton Lake\ARU_9633 (Site 2)\16801545_20230618_YellowRail2023 [+51.71449-121.28731]\00009633_16801545_20230618T045000-0700_REC [+51.71449-121.28731].wav,114.0,117.0,Empidonax traillii,Willow Flycatcher,0.5563,52.0000,-122.0000,24,0,1.0,0.5,None,BirdNET_GLOBAL_6K_V2.4_Model_FP32.tflite
G:\Chilcotin_Cariboo_ARU_2023\z_BirdNET GUI folder\Tatton Lake\ARU_9633 (Site 2)\16801545_20230618_YellowRail2023 [+51.71449-121.28731]\00009633_16801545_20230618T045000-0700_REC [+51.71449-121.28731].wav,117.0,120.0,Empidonax traillii,Willow Flycatcher,0.8513,52.0000,-122.0000,24,0,1.0,0.5,None,BirdNET_GLOBAL_6K_V2.4_Model_FP32.tflite
G:\Chilcotin_Cariboo_ARU_2023\z_BirdNET GUI folder\Tatton Lake\ARU_9633 (Site 2)\16801545_20230618_YellowRail2023 [+51.71449-121.28731]\00009633_16801545_20230618T045000-0700_REC [+51.71449-121.28731].wav,126.0,129.0,Empidonax traillii,Willow Flycatcher,0.6173,52.0000,-122.0000,24,0,1.0,0.5,None,BirdNET_GLOBAL_6K_V2.4_Model_FP32.tflite
G:\Chilcotin_Cariboo_ARU_2023\z_BirdNET GUI folder\Tatton Lake\ARU_9633 (Site 2)\16801545_20230618_YellowRail2023 [+51.71449-121.28731]\00009633_16801545_20230618T045000-0700_REC [+51.71449-121.28731].wav,129.0,132.0,Empidonax traillii,Willow Flycatcher,0.7426,52.0000,-122.0000,24,0,1.0,0.5,None,BirdNET_GLOBAL_6K_V2.4_Model_FP32.tflite
G:\Chilcotin_Cariboo_ARU_2023\z_BirdNET GUI folder\Tatton Lake\ARU_9633 (Site 2)\16801545_20230618_YellowRail2023 [+51.71449-121.28731]\00009633_16801545_20230618T045000-0700_REC [+51.71449-121.28731].wav,132.0,135.0,Empidonax traillii,Willow Flycatcher,0.7618,52.0000,-122.0000,24,0,1.0,0.5,None,BirdNET_GLOBAL_6K_V2.4_Model_FP32.tflite
G:\Chilcotin_Cariboo_ARU_2023\z_BirdNET GUI folder\Tatton Lake\ARU_9633 (Site 2)\16801545_20230618_YellowRail2023 [+51.71449-121.28731]\00009633_16801545_20230618T045000-0700_REC [+51.71449-121.28731].wav,135.0,138.0,Empidonax traillii,Willow Flycatcher,0.7264,52.0000,-122.0000,24,0,1.0,0.5,None,BirdNET_GLOBAL_6K_V2.4_Model_FP32.tflite
G:\Chilcotin_Cariboo_ARU_2023\z_BirdNET GUI folder\Tatton Lake\ARU_9633 (Site 2)\16801545_20230618_YellowRail2023 [+51.71449-121.28731]\00009633_16801545_20230618T045000-0700_REC [+51.71449-121.28731].wav,138.0,141.0,Leiothlypis peregrina,Tennessee Warbler,0.6345,52.0000,-122.0000,24,0,1.0,0.5,None,BirdNET_GLOBAL_6K_V2.4_Model_FP32.tflite
G:\Chilcotin_Cariboo_ARU_2023\z_BirdNET GUI folder\Tatton Lake\ARU_9633 (Site 2)\16801545_20230618_YellowRail2023 [+51.71449-121.28731]\00009633_16801545_20230618T045000-0700_REC [+51.71449-121.28731].wav,141.0,144.0,Empidonax traillii,Willow Flycatcher,0.8258,52.0000,-122.0000,24,0,1.0,0.5,None,BirdNET_GLOBAL_6K_V2.4_Model_FP32.tflite
G:\Chilcotin_Cariboo_ARU_2023\z_BirdNET GUI folder\Tatton Lake\ARU_9633 (Site 2)\16801545_20230618_YellowRail2023 [+51.71449-121.28731]\00009633_16801545_20230618T045000-0700_REC [+51.71449-121.28731].wav,144.0,147.0,Empidonax traillii,Willow Flycatcher,0.9599,52.0000,-122.0000,24,0,1.0,0.5,None,BirdNET_GLOBAL_6K_V2.4_Model_FP32.tflite
G:\Chilcotin_Cariboo_ARU_2023\z_BirdNET GUI folder\Tatton Lake\ARU_9633 (Site 2)\16801545_20230618_YellowRail2023 [+51.71449-121.28731]\00009633_16801545_20230618T045000-0700_REC [+51.71449-121.28731].wav,147.0,150.0,Empidonax traillii,Willow Flycatcher,0.9933,52.0000,-122.0000,24,0,1.0,0.5,None,BirdNET_GLOBAL_6K_V2.4_Model_FP32.tflite
G:\Chilcotin_Cariboo_ARU_2023\z_BirdNET GUI folder\Tatton Lake\ARU_9633 (Site 2)\16801545_20230618_YellowRail2023 [+51.71449-121.28731]\00009633_16801545_20230618T045000-0700_REC [+51.71449-121.28731].wav,150.0,153.0,Empidonax traillii,Willow Flycatcher,0.9812,52.0000,-122.0000,24,0,1.0,0.5,None,BirdNET_GLOBAL_6K_V2.4_Model_FP32.tflite
G:\Chilcotin_Cariboo_ARU_2023\z_BirdNET GUI folder\Tatton Lake\ARU_9633 (Site 2)\16801545_20230618_YellowRail2023 [+51.71449-121.28731]\00009633_16801545_20230618T045000-0700_REC [+51.71449-121.28731].wav,156.0,159.0,Empidonax traillii,Willow Flycatcher,0.9978,52.0000,-122.0000,24,0,1.0,0.5,None,BirdNET_GLOBAL_6K_V2.4_Model_FP32.tflite
G:\Chilcotin_Cariboo_ARU_2023\z_BirdNET GUI folder\Tatton Lake\ARU_9633 (Site 2)\16801545_20230618_YellowRail2023 [+51.71449-121.28731]\00009633_16801545_20230618T045000-0700_REC [+51.71449-121.28731].wav,159.0,162.0,Empidonax traillii,Willow Flycatcher,0.9073,52.0000,-122.0000,24,0,1.0,0.5,None,BirdNET_GLOBAL_6K_V2.4_Model_FP32.tflite
G:\Chilcotin_Cariboo_ARU_2023\z_BirdNET GUI folder\Tatton Lake\ARU_9633 (Site 2)\16801545_20230618_YellowRail2023 [+51.71449-121.28731]\00009633_16801545_20230618T045000-0700_REC [+51.71449-121.28731].wav,162.0,165.0,Empidonax traillii,Willow Flycatcher,0.9599,52.0000,-122.0000,24,0,1.0,0.5,None,BirdNET_GLOBAL_6K_V2.4_Model_FP32.tflite
G:\Chilcotin_Cariboo_ARU_2023\z_BirdNET GUI folder\Tatton Lake\ARU_9633 (Site 2)\16801545_20230618_YellowRail2023 [+51.71449-121.28731]\00009633_16801545_20230618T045000-0700_REC [+51.71449-121.28731].wav,165.0,168.0,Empidonax traillii,Willow Flycatcher,0.9962,52.0000,-122.0000,24,0,1.0,0.5,None,BirdNET_GLOBAL_6K_V2.4_Model_FP32.tflite
G:\Chilcotin_Cariboo_ARU_2023\z_BirdNET GUI folder\Tatton Lake\ARU_9633 (Site 2)\16801545_20230618_YellowRail2023 [+51.71449-121.28731]\00009633_16801545_20230618T045000-0700_REC [+51.71449-121.28731].wav,168.0,171.0,Empidonax traillii,Willow Flycatcher,0.9232,52.0000,-122.0000,24,0,1.0,0.5,None,BirdNET_GLOBAL_6K_V2.4_Model_FP32.tflite
G:\Chilcotin_Cariboo_ARU_2023\z_BirdNET GUI folder\Tatton Lake\ARU_9633 (Site 2)\16801545_20230618_YellowRail2023 [+51.71449-121.28731]\00009633_16801545_20230618T045000-0700_REC [+51.71449-121.28731].wav,171.0,174.0,Empidonax traillii,Willow Flycatcher,0.9961,52.0000,-122.0000,24,0,1.0,0.5,None,BirdNET_GLOBAL_6K_V2.4_Model_FP32.tflite
G:\Chilcotin_Cariboo_ARU_2023\z_BirdNET GUI folder\Tatton Lake\ARU_9633 (Site 2)\16801545_20230618_YellowRail2023 [+51.71449-121.28731]\00009633_16801545_20230618T045000-0700_REC [+51.71449-121.28731].wav,174.0,177.0,Leiothlypis peregrina,Tennessee Warbler,0.7535,52.0000,-122.0000,24,0,1.0,0.5,None,BirdNET_GLOBAL_6K_V2.4_Model_FP32.tflite
G:\Chilcotin_Cariboo_ARU_2023\z_BirdNET GUI folder\Tatton Lake\ARU_9633 (Site 2)\16801545_20230618_YellowRail2023 [+51.71449-121.28731]\00009633_16801545_20230618T045000-0700_REC [+51.71449-121.28731].wav,183.0,186.0,Empidonax traillii,Willow Flycatcher,0.9649,52.0000,-122.0000,24,0,1.0,0.5,None,BirdNET_GLOBAL_6K_V2.4_Model_FP32.tflite
G:\Chilcotin_Cariboo_ARU_2023\z_BirdNET GUI folder\Tatton Lake\ARU_9633 (Site 2)\16801545_20230618_YellowRail2023 [+51.71449-121.28731]\00009633_16801545_20230618T045000-0700_REC [+51.71449-121.28731].wav,195.0,198.0,Leiothlypis peregrina,Tennessee Warbler,0.5599,52.0000,-122.0000,24,0,1.0,0.5,None,BirdNET_GLOBAL_6K_V2.4_Model_FP32.tflite
G:\Chilcotin_Cariboo_ARU_2023\z_BirdNET GUI folder\Tatton Lake\ARU_9633 (Site 2)\16801545_20230618_YellowRail2023 [+51.71449-121.28731]\00009633_16801545_20230618T045000-0700_REC [+51.71449-121.28731].wav,198.0,201.0,Empidonax traillii,Willow Flycatcher,0.8892,52.0000,-122.0000,24,0,1.0,0.5,None,BirdNET_GLOBAL_6K_V2.4_Model_FP32.tflite
G:\Chilcotin_Cariboo_ARU_2023\z_BirdNET GUI folder\Tatton Lake\ARU_9633 (Site 2)\16801545_20230618_YellowRail2023 [+51.71449-121.28731]\00009633_16801545_20230618T045000-0700_REC [+51.71449-121.28731].wav,201.0,204.0,Leiothlypis peregrina,Tennessee Warbler,0.7600,52.0000,-122.0000,24,0,1.0,0.5,None,BirdNET_GLOBAL_6K_V2.4_Model_FP32.tflite
G:\Chilcotin_Cariboo_ARU_2023\z_BirdNET GUI folder\Tatton Lake\ARU_9633 (Site 2)\16801545_20230618_YellowRail2023 [+51.71449-121.28731]\00009633_16801545_20230618T045000-0700_REC [+51.71449-121.28731].wav,213.0,216.0,Empidonax traillii,Willow Flycatcher,0.8392,52.0000,-122.0000,24,0,1.0,0.5,None,BirdNET_GLOBAL_6K_V2.4_Model_FP32.tflite
G:\Chilcotin_Cariboo_ARU_2023\z_BirdNET GUI folder\Tatton Lake\ARU_9633 (Site 2)\16801545_20230618_YellowRail2023 [+51.71449-121.28731]\00009633_16801545_20230618T045000-0700_REC [+51.71449-121.28731].wav,216.0,219.0,Leiothlypis peregrina,Tennessee Warbler,0.9166,52.0000,-122.0000,24,0,1.0,0.5,None,BirdNET_GLOBAL_6K_V2.4_Model_FP32.tflite
G:\Chilcotin_Cariboo_ARU_2023\z_BirdNET GUI folder\Tatton Lake\ARU_9633 (Site 2)\16801545_20230618_YellowRail2023 [+51.71449-121.28731]\00009633_16801545_20230618T045000-0700_REC [+51.71449-121.28731].wav,219.0,222.0,Empidonax traillii,Willow Flycatcher,0.7605,52.0000,-122.0000,24,0,1.0,0.5,None,BirdNET_GLOBAL_6K_V2.4_Model_FP32.tflite
G:\Chilcotin_Cariboo_ARU_2023\z_BirdNET GUI folder\Tatton Lake\ARU_9633 (Site 2)\16801545_20230618_YellowRail2023 [+51.71449-121.28731]\00009633_16801545_20230618T045000-0700_REC [+51.71449-121.28731].wav,222.0,225.0,Empidonax traillii,Willow Flycatcher,0.8391,52.0000,-122.0000,24,0,1.0,0.5,None,BirdNET_GLOBAL_6K_V2.4_Model_FP32.tflite
G:\Chilcotin_Cariboo_ARU_2023\z_BirdNET GUI folder\Tatton Lake\ARU_9633 (Site 2)\16801545_20230618_YellowRail2023 [+51.71449-121.28731]\00009633_16801545_20230618T045000-0700_REC [+51.71449-121.28731].wav,225.0,228.0,Leiothlypis peregrina,Tennessee Warbler,0.7649,52.0000,-122.0000,24,0,1.0,0.5,None,BirdNET_GLOBAL_6K_V2.4_Model_FP32.tflite
G:\Chilcotin_Cariboo_ARU_2023\z_BirdNET GUI folder\Tatton Lake\ARU_9633 (Site 2)\16801545_20230618_YellowRail2023 [+51.71449-121.28731]\00009633_16801545_20230618T045000-0700_REC [+51.71449-121.28731].wav,234.0,237.0,Empidonax traillii,Willow Flycatcher,0.8242,52.0000,-122.0000,24,0,1.0,0.5,None,BirdNET_GLOBAL_6K_V2.4_Model_FP32.tflite
G:\Chilcotin_Cariboo_ARU_2023\z_BirdNET GUI folder\Tatton Lake\ARU_9633 (Site 2)\16801545_20230618_YellowRail2023 [+51.71449-121.28731]\00009633_16801545_20230618T045000-0700_REC [+51.71449-121.28731].wav,237.0,240.0,Leiothlypis peregrina,Tennessee Warbler,0.6211,52.0000,-122.0000,24,0,1.0,0.5,None,BirdNET_GLOBAL_6K_V2.4_Model_FP32.tflite
G:\Chilcotin_Cariboo_ARU_2023\z_BirdNET GUI folder\Tatton Lake\ARU_9633 (Site 2)\16801545_20230618_YellowRail2023 [+51.71449-121.28731]\00009633_16801545_20230618T045000-0700_REC [+51.71449-121.28731].wav,243.0,246.0,Empidonax traillii,Willow Flycatcher,0.9326,52.0000,-122.0000,24,0,1.0,0.5,None,BirdNET_GLOBAL_6K_V2.4_Model_FP32.tflite
G:\Chilcotin_Cariboo_ARU_2023\z_BirdNET GUI folder\Tatton Lake\ARU_9633 (Site 2)\16801545_20230618_YellowRail2023 [+51.71449-121.28731]\00009633_16801545_20230618T045000-0700_REC [+51.71449-121.28731].wav,246.0,249.0,Empidonax traillii,Willow Flycatcher,0.9355,52.0000,-122.0000,24,0,1.0,0.5,None,BirdNET_GLOBAL_6K_V2.4_Model_FP32.tflite
G:\Chilcotin_Cariboo_ARU_2023\z_BirdNET GUI folder\Tatton Lake\ARU_9633 (Site 2)\16801545_20230618_YellowRail2023 [+51.71449-121.28731]\00009633_16801545_20230618T045000-0700_REC [+51.71449-121.28731].wav,252.0,255.0,Empidonax traillii,Willow Flycatcher,0.5549,52.0000,-122.0000,24,0,1.0,0.5,None,BirdNET_GLOBAL_6K_V2.4_Model_FP32.tflite
G:\Chilcotin_Cariboo_ARU_2023\z_BirdNET GUI folder\Tatton Lake\ARU_9633 (Site 2)\16801545_20230618_YellowRail2023 [+51.71449-121.28731]\00009633_16801545_20230618T045000-0700_REC [+51.71449-121.28731].wav,255.0,258.0,Leiothlypis peregrina,Tennessee Warbler,0.6219,52.0000,-122.0000,24,0,1.0,0.5,None,BirdNET_GLOBAL_6K_V2.4_Model_FP32.tflite
G:\Chilcotin_Cariboo_ARU_2023\z_BirdNET GUI folder\Tatton Lake\ARU_9633 (Site 2)\16801545_20230618_YellowRail2023 [+51.71449-121.28731]\00009633_16801545_20230618T045000-0700_REC [+51.71449-121.28731].wav,261.0,264.0,Empidonax alnorum,Alder Flycatcher,0.5099,52.0000,-122.0000,24,0,1.0,0.5,None,BirdNET_GLOBAL_6K_V2.4_Model_FP32.tflite
G:\Chilcotin_Cariboo_ARU_2023\z_BirdNET GUI folder\Tatton Lake\ARU_9633 (Site 2)\16801545_20230618_YellowRail2023 [+51.71449-121.28731]\00009633_16801545_20230618T045000-0700_REC [+51.71449-121.28731].wav,264.0,267.0,Empidonax traillii,Willow Flycatcher,0.9686,52.0000,-122.0000,24,0,1.0,0.5,None,BirdNET_GLOBAL_6K_V2.4_Model_FP32.tflite
G:\Chilcotin_Cariboo_ARU_2023\z_BirdNET GUI folder\Tatton Lake\ARU_9633 (Site 2)\16801545_20230618_YellowRail2023 [+51.71449-121.28731]\00009633_16801545_20230618T045000-0700_REC [+51.71449-121.28731].wav,267.0,270.0,Bombycilla cedrorum,Cedar Waxwing,0.5350,52.0000,-122.0000,24,0,1.0,0.5,None,BirdNET_GLOBAL_6K_V2.4_Model_FP32.tflite
G:\Chilcotin_Cariboo_ARU_2023\z_BirdNET GUI folder\Tatton Lake\ARU_9633 (Site 2)\16801545_20230618_YellowRail2023 [+51.71449-121.28731]\00009633_16801545_20230618T045000-0700_REC [+51.71449-121.28731].wav,270.0,273.0,Empidonax traillii,Willow Flycatcher,0.8204,52.0000,-122.0000,24,0,1.0,0.5,None,BirdNET_GLOBAL_6K_V2.4_Model_FP32.tflite
G:\Chilcotin_Cariboo_ARU_2023\z_BirdNET GUI folder\Tatton Lake\ARU_9633 (Site 2)\16801545_20230618_YellowRail2023 [+51.71449-121.28731]\00009633_16801545_20230618T045000-0700_REC [+51.71449-121.28731].wav,279.0,282.0,Empidonax traillii,Willow Flycatcher,0.7205,52.0000,-122.0000,24,0,1.0,0.5,None,BirdNET_GLOBAL_6K_V2.4_Model_FP32.tflite
G:\Chilcotin_Cariboo_ARU_2023\z_BirdNET GUI folder\Tatton Lake\ARU_9633 (Site 2)\16801545_20230618_YellowRail2023 [+51.71449-121.28731]\00009633_16801545_20230618T045000-0700_REC [+51.71449-121.28731].wav,282.0,285.0,Bombycilla cedrorum,Cedar Waxwing,0.5148,52.0000,-122.0000,24,0,1.0,0.5,None,BirdNET_GLOBAL_6K_V2.4_Model_FP32.tflite
G:\Chilcotin_Cariboo_ARU_2023\z_BirdNET GUI folder\Tatton Lake\ARU_9633 (Site 2)\16801545_20230618_YellowRail2023 [+51.71449-121.28731]\00009633_16801545_20230618T045000-0700_REC [+51.71449-121.28731].wav,285.0,288.0,Empidonax traillii,Willow Flycatcher,0.9206,52.0000,-122.0000,24,0,1.0,0.5,None,BirdNET_GLOBAL_6K_V2.4_Model_FP32.tflite
G:\Chilcotin_Cariboo_ARU_2023\z_BirdNET GUI folder\Tatton Lake\ARU_9633 (Site 2)\16801545_20230618_YellowRail2023 [+51.71449-121.28731]\00009633_16801545_20230618T045000-0700_REC [+51.71449-121.28731].wav,291.0,294.0,Empidonax traillii,Willow Flycatcher,0.6627,52.0000,-122.0000,24,0,1.0,0.5,None,BirdNET_GLOBAL_6K_V2.4_Model_FP32.tflite
G:\Chilcotin_Cariboo_ARU_2023\z_BirdNET GUI folder\Tatton Lake\ARU_9633 (Site 2)\16801545_20230618_YellowRail2023 [+51.71449-121.28731]\00009633_16801545_20230618T045000-0700_REC [+51.71449-121.28731].wav,294.0,297.0,Empidonax traillii,Willow Flycatcher,0.6102,52.0000,-122.0000,24,0,1.0,0.5,None,BirdNET_GLOBAL_6K_V2.4_Model_FP32.tflite