filepath,start,end,scientific_name,common_name,confidence,lat,lon,week,overlap,sensitivity,min_conf,species_list,model
G:\Chilcotin_Cariboo_ARU_2023\z_BirdNET GUI folder\Winthrow Creek\ARU_9065 (Site 1)\13794221_20230605_YellowRail2023 [+51.92783-122.85861]\00009065_13794221_20230605T023000-0700_REC [+51.92783-122.85861].wav,0,3.0,Porzana carolina,Sora,0.9191,52.0000,-122.0000,24,0,1.0,0.5,None,BirdNET_GLOBAL_6K_V2.4_Model_FP32.tflite
G:\Chilcotin_Cariboo_ARU_2023\z_BirdNET GUI folder\Winthrow Creek\ARU_9065 (Site 1)\13794221_20230605_YellowRail2023 [+51.92783-122.85861]\00009065_13794221_20230605T023000-0700_REC [+51.92783-122.85861].wav,3.0,6.0,Porzana carolina,Sora,0.9213,52.0000,-122.0000,24,0,1.0,0.5,None,BirdNET_GLOBAL_6K_V2.4_Model_FP32.tflite
G:\Chilcotin_Cariboo_ARU_2023\z_BirdNET GUI folder\Winthrow Creek\ARU_9065 (Site 1)\13794221_20230605_YellowRail2023 [+51.92783-122.85861]\00009065_13794221_20230605T023000-0700_REC [+51.92783-122.85861].wav,6.0,9.0,Porzana carolina,Sora,0.9507,52.0000,-122.0000,24,0,1.0,0.5,None,BirdNET_GLOBAL_6K_V2.4_Model_FP32.tflite
G:\Chilcotin_Cariboo_ARU_2023\z_BirdNET GUI folder\Winthrow Creek\ARU_9065 (Site 1)\13794221_20230605_YellowRail2023 [+51.92783-122.85861]\00009065_13794221_20230605T023000-0700_REC [+51.92783-122.85861].wav,12.0,15.0,Porzana carolina,Sora,0.7722,52.0000,-122.0000,24,0,1.0,0.5,None,BirdNET_GLOBAL_6K_V2.4_Model_FP32.tflite
G:\Chilcotin_Cariboo_ARU_2023\z_BirdNET GUI folder\Winthrow Creek\ARU_9065 (Site 1)\13794221_20230605_YellowRail2023 [+51.92783-122.85861]\00009065_13794221_20230605T023000-0700_REC [+51.92783-122.85861].wav,15.0,18.0,Porzana carolina,Sora,0.8747,52.0000,-122.0000,24,0,1.0,0.5,None,BirdNET_GLOBAL_6K_V2.4_Model_FP32.tflite
G:\Chilcotin_Cariboo_ARU_2023\z_BirdNET GUI folder\Winthrow Creek\ARU_9065 (Site 1)\13794221_20230605_YellowRail2023 [+51.92783-122.85861]\00009065_13794221_20230605T023000-0700_REC [+51.92783-122.85861].wav,18.0,21.0,Porzana carolina,Sora,0.9653,52.0000,-122.0000,24,0,1.0,0.5,None,BirdNET_GLOBAL_6K_V2.4_Model_FP32.tflite
G:\Chilcotin_Cariboo_ARU_2023\z_BirdNET GUI folder\Winthrow Creek\ARU_9065 (Site 1)\13794221_20230605_YellowRail2023 [+51.92783-122.85861]\00009065_13794221_20230605T023000-0700_REC [+51.92783-122.85861].wav,21.0,24.0,Porzana carolina,Sora,0.9785,52.0000,-122.0000,24,0,1.0,0.5,None,BirdNET_GLOBAL_6K_V2.4_Model_FP32.tflite
G:\Chilcotin_Cariboo_ARU_2023\z_BirdNET GUI folder\Winthrow Creek\ARU_9065 (Site 1)\13794221_20230605_YellowRail2023 [+51.92783-122.85861]\00009065_13794221_20230605T023000-0700_REC [+51.92783-122.85861].wav,24.0,27.0,Porzana carolina,Sora,0.9889,52.0000,-122.0000,24,0,1.0,0.5,None,BirdNET_GLOBAL_6K_V2.4_Model_FP32.tflite
G:\Chilcotin_Cariboo_ARU_2023\z_BirdNET GUI folder\Winthrow Creek\ARU_9065 (Site 1)\13794221_20230605_YellowRail2023 [+51.92783-122.85861]\00009065_13794221_20230605T023000-0700_REC [+51.92783-122.85861].wav,27.0,30.0,Porzana carolina,Sora,0.7946,52.0000,-122.0000,24,0,1.0,0.5,None,BirdNET_GLOBAL_6K_V2.4_Model_FP32.tflite
G:\Chilcotin_Cariboo_ARU_2023\z_BirdNET GUI folder\Winthrow Creek\ARU_9065 (Site 1)\13794221_20230605_YellowRail2023 [+51.92783-122.85861]\00009065_13794221_20230605T023000-0700_REC [+51.92783-122.85861].wav,30.0,33.0,Porzana carolina,Sora,0.9723,52.0000,-122.0000,24,0,1.0,0.5,None,BirdNET_GLOBAL_6K_V2.4_Model_FP32.tflite
G:\Chilcotin_Cariboo_ARU_2023\z_BirdNET GUI folder\Winthrow Creek\ARU_9065 (Site 1)\13794221_20230605_YellowRail2023 [+51.92783-122.85861]\00009065_13794221_20230605T023000-0700_REC [+51.92783-122.85861].wav,42.0,45.0,Porzana carolina,Sora,0.7405,52.0000,-122.0000,24,0,1.0,0.5,None,BirdNET_GLOBAL_6K_V2.4_Model_FP32.tflite
G:\Chilcotin_Cariboo_ARU_2023\z_BirdNET GUI folder\Winthrow Creek\ARU_9065 (Site 1)\13794221_20230605_YellowRail2023 [+51.92783-122.85861]\00009065_13794221_20230605T023000-0700_REC [+51.92783-122.85861].wav,48.0,51.0,Porzana carolina,Sora,0.9764,52.0000,-122.0000,24,0,1.0,0.5,None,BirdNET_GLOBAL_6K_V2.4_Model_FP32.tflite
G:\Chilcotin_Cariboo_ARU_2023\z_BirdNET GUI folder\Winthrow Creek\ARU_9065 (Site 1)\13794221_20230605_YellowRail2023 [+51.92783-122.85861]\00009065_13794221_20230605T023000-0700_REC [+51.92783-122.85861].wav,51.0,54.0,Porzana carolina,Sora,0.9530,52.0000,-122.0000,24,0,1.0,0.5,None,BirdNET_GLOBAL_6K_V2.4_Model_FP32.tflite
G:\Chilcotin_Cariboo_ARU_2023\z_BirdNET GUI folder\Winthrow Creek\ARU_9065 (Site 1)\13794221_20230605_YellowRail2023 [+51.92783-122.85861]\00009065_13794221_20230605T023000-0700_REC [+51.92783-122.85861].wav,54.0,57.0,Porzana carolina,Sora,0.9661,52.0000,-122.0000,24,0,1.0,0.5,None,BirdNET_GLOBAL_6K_V2.4_Model_FP32.tflite
G:\Chilcotin_Cariboo_ARU_2023\z_BirdNET GUI folder\Winthrow Creek\ARU_9065 (Site 1)\13794221_20230605_YellowRail2023 [+51.92783-122.85861]\00009065_13794221_20230605T023000-0700_REC [+51.92783-122.85861].wav,60.0,63.0,Porzana carolina,Sora,0.9449,52.0000,-122.0000,24,0,1.0,0.5,None,BirdNET_GLOBAL_6K_V2.4_Model_FP32.tflite
G:\Chilcotin_Cariboo_ARU_2023\z_BirdNET GUI folder\Winthrow Creek\ARU_9065 (Site 1)\13794221_20230605_YellowRail2023 [+51.92783-122.85861]\00009065_13794221_20230605T023000-0700_REC [+51.92783-122.85861].wav,66.0,69.0,Porzana carolina,Sora,0.5769,52.0000,-122.0000,24,0,1.0,0.5,None,BirdNET_GLOBAL_6K_V2.4_Model_FP32.tflite
G:\Chilcotin_Cariboo_ARU_2023\z_BirdNET GUI folder\Winthrow Creek\ARU_9065 (Site 1)\13794221_20230605_YellowRail2023 [+51.92783-122.85861]\00009065_13794221_20230605T023000-0700_REC [+51.92783-122.85861].wav,78.0,81.0,Porzana carolina,Sora,0.9865,52.0000,-122.0000,24,0,1.0,0.5,None,BirdNET_GLOBAL_6K_V2.4_Model_FP32.tflite
G:\Chilcotin_Cariboo_ARU_2023\z_BirdNET GUI folder\Winthrow Creek\ARU_9065 (Site 1)\13794221_20230605_YellowRail2023 [+51.92783-122.85861]\00009065_13794221_20230605T023000-0700_REC [+51.92783-122.85861].wav,81.0,84.0,Porzana carolina,Sora,0.9712,52.0000,-122.0000,24,0,1.0,0.5,None,BirdNET_GLOBAL_6K_V2.4_Model_FP32.tflite
G:\Chilcotin_Cariboo_ARU_2023\z_BirdNET GUI folder\Winthrow Creek\ARU_9065 (Site 1)\13794221_20230605_YellowRail2023 [+51.92783-122.85861]\00009065_13794221_20230605T023000-0700_REC [+51.92783-122.85861].wav,84.0,87.0,Porzana carolina,Sora,0.7259,52.0000,-122.0000,24,0,1.0,0.5,None,BirdNET_GLOBAL_6K_V2.4_Model_FP32.tflite
G:\Chilcotin_Cariboo_ARU_2023\z_BirdNET GUI folder\Winthrow Creek\ARU_9065 (Site 1)\13794221_20230605_YellowRail2023 [+51.92783-122.85861]\00009065_13794221_20230605T023000-0700_REC [+51.92783-122.85861].wav,87.0,90.0,Porzana carolina,Sora,0.6139,52.0000,-122.0000,24,0,1.0,0.5,None,BirdNET_GLOBAL_6K_V2.4_Model_FP32.tflite
G:\Chilcotin_Cariboo_ARU_2023\z_BirdNET GUI folder\Winthrow Creek\ARU_9065 (Site 1)\13794221_20230605_YellowRail2023 [+51.92783-122.85861]\00009065_13794221_20230605T023000-0700_REC [+51.92783-122.85861].wav,90.0,93.0,Porzana carolina,Sora,0.8923,52.0000,-122.0000,24,0,1.0,0.5,None,BirdNET_GLOBAL_6K_V2.4_Model_FP32.tflite
G:\Chilcotin_Cariboo_ARU_2023\z_BirdNET GUI folder\Winthrow Creek\ARU_9065 (Site 1)\13794221_20230605_YellowRail2023 [+51.92783-122.85861]\00009065_13794221_20230605T023000-0700_REC [+51.92783-122.85861].wav,93.0,96.0,Porzana carolina,Sora,0.8386,52.0000,-122.0000,24,0,1.0,0.5,None,BirdNET_GLOBAL_6K_V2.4_Model_FP32.tflite
G:\Chilcotin_Cariboo_ARU_2023\z_BirdNET GUI folder\Winthrow Creek\ARU_9065 (Site 1)\13794221_20230605_YellowRail2023 [+51.92783-122.85861]\00009065_13794221_20230605T023000-0700_REC [+51.92783-122.85861].wav,96.0,99.0,Porzana carolina,Sora,0.9331,52.0000,-122.0000,24,0,1.0,0.5,None,BirdNET_GLOBAL_6K_V2.4_Model_FP32.tflite
G:\Chilcotin_Cariboo_ARU_2023\z_BirdNET GUI folder\Winthrow Creek\ARU_9065 (Site 1)\13794221_20230605_YellowRail2023 [+51.92783-122.85861]\00009065_13794221_20230605T023000-0700_REC [+51.92783-122.85861].wav,99.0,102.0,Porzana carolina,Sora,0.9852,52.0000,-122.0000,24,0,1.0,0.5,None,BirdNET_GLOBAL_6K_V2.4_Model_FP32.tflite
G:\Chilcotin_Cariboo_ARU_2023\z_BirdNET GUI folder\Winthrow Creek\ARU_9065 (Site 1)\13794221_20230605_YellowRail2023 [+51.92783-122.85861]\00009065_13794221_20230605T023000-0700_REC [+51.92783-122.85861].wav,102.0,105.0,Porzana carolina,Sora,0.8405,52.0000,-122.0000,24,0,1.0,0.5,None,BirdNET_GLOBAL_6K_V2.4_Model_FP32.tflite
G:\Chilcotin_Cariboo_ARU_2023\z_BirdNET GUI folder\Winthrow Creek\ARU_9065 (Site 1)\13794221_20230605_YellowRail2023 [+51.92783-122.85861]\00009065_13794221_20230605T023000-0700_REC [+51.92783-122.85861].wav,105.0,108.0,Porzana carolina,Sora,0.8691,52.0000,-122.0000,24,0,1.0,0.5,None,BirdNET_GLOBAL_6K_V2.4_Model_FP32.tflite
G:\Chilcotin_Cariboo_ARU_2023\z_BirdNET GUI folder\Winthrow Creek\ARU_9065 (Site 1)\13794221_20230605_YellowRail2023 [+51.92783-122.85861]\00009065_13794221_20230605T023000-0700_REC [+51.92783-122.85861].wav,108.0,111.0,Porzana carolina,Sora,0.8733,52.0000,-122.0000,24,0,1.0,0.5,None,BirdNET_GLOBAL_6K_V2.4_Model_FP32.tflite
G:\Chilcotin_Cariboo_ARU_2023\z_BirdNET GUI folder\Winthrow Creek\ARU_9065 (Site 1)\13794221_20230605_YellowRail2023 [+51.92783-122.85861]\00009065_13794221_20230605T023000-0700_REC [+51.92783-122.85861].wav,111.0,114.0,Porzana carolina,Sora,0.9393,52.0000,-122.0000,24,0,1.0,0.5,None,BirdNET_GLOBAL_6K_V2.4_Model_FP32.tflite
G:\Chilcotin_Cariboo_ARU_2023\z_BirdNET GUI folder\Winthrow Creek\ARU_9065 (Site 1)\13794221_20230605_YellowRail2023 [+51.92783-122.85861]\00009065_13794221_20230605T023000-0700_REC [+51.92783-122.85861].wav,114.0,117.0,Porzana carolina,Sora,0.8133,52.0000,-122.0000,24,0,1.0,0.5,None,BirdNET_GLOBAL_6K_V2.4_Model_FP32.tflite
G:\Chilcotin_Cariboo_ARU_2023\z_BirdNET GUI folder\Winthrow Creek\ARU_9065 (Site 1)\13794221_20230605_YellowRail2023 [+51.92783-122.85861]\00009065_13794221_20230605T023000-0700_REC [+51.92783-122.85861].wav,120.0,123.0,Porzana carolina,Sora,0.9462,52.0000,-122.0000,24,0,1.0,0.5,None,BirdNET_GLOBAL_6K_V2.4_Model_FP32.tflite
G:\Chilcotin_Cariboo_ARU_2023\z_BirdNET GUI folder\Winthrow Creek\ARU_9065 (Site 1)\13794221_20230605_YellowRail2023 [+51.92783-122.85861]\00009065_13794221_20230605T023000-0700_REC [+51.92783-122.85861].wav,123.0,126.0,Porzana carolina,Sora,0.9647,52.0000,-122.0000,24,0,1.0,0.5,None,BirdNET_GLOBAL_6K_V2.4_Model_FP32.tflite
G:\Chilcotin_Cariboo_ARU_2023\z_BirdNET GUI folder\Winthrow Creek\ARU_9065 (Site 1)\13794221_20230605_YellowRail2023 [+51.92783-122.85861]\00009065_13794221_20230605T023000-0700_REC [+51.92783-122.85861].wav,126.0,129.0,Porzana carolina,Sora,0.9492,52.0000,-122.0000,24,0,1.0,0.5,None,BirdNET_GLOBAL_6K_V2.4_Model_FP32.tflite
G:\Chilcotin_Cariboo_ARU_2023\z_BirdNET GUI folder\Winthrow Creek\ARU_9065 (Site 1)\13794221_20230605_YellowRail2023 [+51.92783-122.85861]\00009065_13794221_20230605T023000-0700_REC [+51.92783-122.85861].wav,129.0,132.0,Porzana carolina,Sora,0.6207,52.0000,-122.0000,24,0,1.0,0.5,None,BirdNET_GLOBAL_6K_V2.4_Model_FP32.tflite
G:\Chilcotin_Cariboo_ARU_2023\z_BirdNET GUI folder\Winthrow Creek\ARU_9065 (Site 1)\13794221_20230605_YellowRail2023 [+51.92783-122.85861]\00009065_13794221_20230605T023000-0700_REC [+51.92783-122.85861].wav,132.0,135.0,Porzana carolina,Sora,0.9686,52.0000,-122.0000,24,0,1.0,0.5,None,BirdNET_GLOBAL_6K_V2.4_Model_FP32.tflite
G:\Chilcotin_Cariboo_ARU_2023\z_BirdNET GUI folder\Winthrow Creek\ARU_9065 (Site 1)\13794221_20230605_YellowRail2023 [+51.92783-122.85861]\00009065_13794221_20230605T023000-0700_REC [+51.92783-122.85861].wav,135.0,138.0,Porzana carolina,Sora,0.8914,52.0000,-122.0000,24,0,1.0,0.5,None,BirdNET_GLOBAL_6K_V2.4_Model_FP32.tflite
G:\Chilcotin_Cariboo_ARU_2023\z_BirdNET GUI folder\Winthrow Creek\ARU_9065 (Site 1)\13794221_20230605_YellowRail2023 [+51.92783-122.85861]\00009065_13794221_20230605T023000-0700_REC [+51.92783-122.85861].wav,141.0,144.0,Porzana carolina,Sora,0.8218,52.0000,-122.0000,24,0,1.0,0.5,None,BirdNET_GLOBAL_6K_V2.4_Model_FP32.tflite
G:\Chilcotin_Cariboo_ARU_2023\z_BirdNET GUI folder\Winthrow Creek\ARU_9065 (Site 1)\13794221_20230605_YellowRail2023 [+51.92783-122.85861]\00009065_13794221_20230605T023000-0700_REC [+51.92783-122.85861].wav,144.0,147.0,Porzana carolina,Sora,0.9318,52.0000,-122.0000,24,0,1.0,0.5,None,BirdNET_GLOBAL_6K_V2.4_Model_FP32.tflite
G:\Chilcotin_Cariboo_ARU_2023\z_BirdNET GUI folder\Winthrow Creek\ARU_9065 (Site 1)\13794221_20230605_YellowRail2023 [+51.92783-122.85861]\00009065_13794221_20230605T023000-0700_REC [+51.92783-122.85861].wav,147.0,150.0,Porzana carolina,Sora,0.9073,52.0000,-122.0000,24,0,1.0,0.5,None,BirdNET_GLOBAL_6K_V2.4_Model_FP32.tflite
G:\Chilcotin_Cariboo_ARU_2023\z_BirdNET GUI folder\Winthrow Creek\ARU_9065 (Site 1)\13794221_20230605_YellowRail2023 [+51.92783-122.85861]\00009065_13794221_20230605T023000-0700_REC [+51.92783-122.85861].wav,150.0,153.0,Porzana carolina,Sora,0.8856,52.0000,-122.0000,24,0,1.0,0.5,None,BirdNET_GLOBAL_6K_V2.4_Model_FP32.tflite
G:\Chilcotin_Cariboo_ARU_2023\z_BirdNET GUI folder\Winthrow Creek\ARU_9065 (Site 1)\13794221_20230605_YellowRail2023 [+51.92783-122.85861]\00009065_13794221_20230605T023000-0700_REC [+51.92783-122.85861].wav,153.0,156.0,Porzana carolina,Sora,0.9304,52.0000,-122.0000,24,0,1.0,0.5,None,BirdNET_GLOBAL_6K_V2.4_Model_FP32.tflite
G:\Chilcotin_Cariboo_ARU_2023\z_BirdNET GUI folder\Winthrow Creek\ARU_9065 (Site 1)\13794221_20230605_YellowRail2023 [+51.92783-122.85861]\00009065_13794221_20230605T023000-0700_REC [+51.92783-122.85861].wav,156.0,159.0,Porzana carolina,Sora,0.5615,52.0000,-122.0000,24,0,1.0,0.5,None,BirdNET_GLOBAL_6K_V2.4_Model_FP32.tflite
G:\Chilcotin_Cariboo_ARU_2023\z_BirdNET GUI folder\Winthrow Creek\ARU_9065 (Site 1)\13794221_20230605_YellowRail2023 [+51.92783-122.85861]\00009065_13794221_20230605T023000-0700_REC [+51.92783-122.85861].wav,162.0,165.0,Porzana carolina,Sora,0.8909,52.0000,-122.0000,24,0,1.0,0.5,None,BirdNET_GLOBAL_6K_V2.4_Model_FP32.tflite
G:\Chilcotin_Cariboo_ARU_2023\z_BirdNET GUI folder\Winthrow Creek\ARU_9065 (Site 1)\13794221_20230605_YellowRail2023 [+51.92783-122.85861]\00009065_13794221_20230605T023000-0700_REC [+51.92783-122.85861].wav,165.0,168.0,Porzana carolina,Sora,0.5958,52.0000,-122.0000,24,0,1.0,0.5,None,BirdNET_GLOBAL_6K_V2.4_Model_FP32.tflite
G:\Chilcotin_Cariboo_ARU_2023\z_BirdNET GUI folder\Winthrow Creek\ARU_9065 (Site 1)\13794221_20230605_YellowRail2023 [+51.92783-122.85861]\00009065_13794221_20230605T023000-0700_REC [+51.92783-122.85861].wav,168.0,171.0,Porzana carolina,Sora,0.6445,52.0000,-122.0000,24,0,1.0,0.5,None,BirdNET_GLOBAL_6K_V2.4_Model_FP32.tflite
G:\Chilcotin_Cariboo_ARU_2023\z_BirdNET GUI folder\Winthrow Creek\ARU_9065 (Site 1)\13794221_20230605_YellowRail2023 [+51.92783-122.85861]\00009065_13794221_20230605T023000-0700_REC [+51.92783-122.85861].wav,171.0,174.0,Porzana carolina,Sora,0.8958,52.0000,-122.0000,24,0,1.0,0.5,None,BirdNET_GLOBAL_6K_V2.4_Model_FP32.tflite
G:\Chilcotin_Cariboo_ARU_2023\z_BirdNET GUI folder\Winthrow Creek\ARU_9065 (Site 1)\13794221_20230605_YellowRail2023 [+51.92783-122.85861]\00009065_13794221_20230605T023000-0700_REC [+51.92783-122.85861].wav,174.0,177.0,Porzana carolina,Sora,0.9534,52.0000,-122.0000,24,0,1.0,0.5,None,BirdNET_GLOBAL_6K_V2.4_Model_FP32.tflite
G:\Chilcotin_Cariboo_ARU_2023\z_BirdNET GUI folder\Winthrow Creek\ARU_9065 (Site 1)\13794221_20230605_YellowRail2023 [+51.92783-122.85861]\00009065_13794221_20230605T023000-0700_REC [+51.92783-122.85861].wav,177.0,180.0,Porzana carolina,Sora,0.6601,52.0000,-122.0000,24,0,1.0,0.5,None,BirdNET_GLOBAL_6K_V2.4_Model_FP32.tflite
G:\Chilcotin_Cariboo_ARU_2023\z_BirdNET GUI folder\Winthrow Creek\ARU_9065 (Site 1)\13794221_20230605_YellowRail2023 [+51.92783-122.85861]\00009065_13794221_20230605T023000-0700_REC [+51.92783-122.85861].wav,180.0,183.0,Porzana carolina,Sora,0.8928,52.0000,-122.0000,24,0,1.0,0.5,None,BirdNET_GLOBAL_6K_V2.4_Model_FP32.tflite
G:\Chilcotin_Cariboo_ARU_2023\z_BirdNET GUI folder\Winthrow Creek\ARU_9065 (Site 1)\13794221_20230605_YellowRail2023 [+51.92783-122.85861]\00009065_13794221_20230605T023000-0700_REC [+51.92783-122.85861].wav,183.0,186.0,Porzana carolina,Sora,0.9359,52.0000,-122.0000,24,0,1.0,0.5,None,BirdNET_GLOBAL_6K_V2.4_Model_FP32.tflite
G:\Chilcotin_Cariboo_ARU_2023\z_BirdNET GUI folder\Winthrow Creek\ARU_9065 (Site 1)\13794221_20230605_YellowRail2023 [+51.92783-122.85861]\00009065_13794221_20230605T023000-0700_REC [+51.92783-122.85861].wav,186.0,189.0,Porzana carolina,Sora,0.8950,52.0000,-122.0000,24,0,1.0,0.5,None,BirdNET_GLOBAL_6K_V2.4_Model_FP32.tflite
G:\Chilcotin_Cariboo_ARU_2023\z_BirdNET GUI folder\Winthrow Creek\ARU_9065 (Site 1)\13794221_20230605_YellowRail2023 [+51.92783-122.85861]\00009065_13794221_20230605T023000-0700_REC [+51.92783-122.85861].wav,189.0,192.0,Porzana carolina,Sora,0.6678,52.0000,-122.0000,24,0,1.0,0.5,None,BirdNET_GLOBAL_6K_V2.4_Model_FP32.tflite
G:\Chilcotin_Cariboo_ARU_2023\z_BirdNET GUI folder\Winthrow Creek\ARU_9065 (Site 1)\13794221_20230605_YellowRail2023 [+51.92783-122.85861]\00009065_13794221_20230605T023000-0700_REC [+51.92783-122.85861].wav,192.0,195.0,Porzana carolina,Sora,0.6468,52.0000,-122.0000,24,0,1.0,0.5,None,BirdNET_GLOBAL_6K_V2.4_Model_FP32.tflite
G:\Chilcotin_Cariboo_ARU_2023\z_BirdNET GUI folder\Winthrow Creek\ARU_9065 (Site 1)\13794221_20230605_YellowRail2023 [+51.92783-122.85861]\00009065_13794221_20230605T023000-0700_REC [+51.92783-122.85861].wav,195.0,198.0,Porzana carolina,Sora,0.9435,52.0000,-122.0000,24,0,1.0,0.5,None,BirdNET_GLOBAL_6K_V2.4_Model_FP32.tflite
G:\Chilcotin_Cariboo_ARU_2023\z_BirdNET GUI folder\Winthrow Creek\ARU_9065 (Site 1)\13794221_20230605_YellowRail2023 [+51.92783-122.85861]\00009065_13794221_20230605T023000-0700_REC [+51.92783-122.85861].wav,198.0,201.0,Porzana carolina,Sora,0.8646,52.0000,-122.0000,24,0,1.0,0.5,None,BirdNET_GLOBAL_6K_V2.4_Model_FP32.tflite
G:\Chilcotin_Cariboo_ARU_2023\z_BirdNET GUI folder\Winthrow Creek\ARU_9065 (Site 1)\13794221_20230605_YellowRail2023 [+51.92783-122.85861]\00009065_13794221_20230605T023000-0700_REC [+51.92783-122.85861].wav,201.0,204.0,Porzana carolina,Sora,0.9564,52.0000,-122.0000,24,0,1.0,0.5,None,BirdNET_GLOBAL_6K_V2.4_Model_FP32.tflite
G:\Chilcotin_Cariboo_ARU_2023\z_BirdNET GUI folder\Winthrow Creek\ARU_9065 (Site 1)\13794221_20230605_YellowRail2023 [+51.92783-122.85861]\00009065_13794221_20230605T023000-0700_REC [+51.92783-122.85861].wav,204.0,207.0,Porzana carolina,Sora,0.9662,52.0000,-122.0000,24,0,1.0,0.5,None,BirdNET_GLOBAL_6K_V2.4_Model_FP32.tflite
G:\Chilcotin_Cariboo_ARU_2023\z_BirdNET GUI folder\Winthrow Creek\ARU_9065 (Site 1)\13794221_20230605_YellowRail2023 [+51.92783-122.85861]\00009065_13794221_20230605T023000-0700_REC [+51.92783-122.85861].wav,207.0,210.0,Porzana carolina,Sora,0.9508,52.0000,-122.0000,24,0,1.0,0.5,None,BirdNET_GLOBAL_6K_V2.4_Model_FP32.tflite
G:\Chilcotin_Cariboo_ARU_2023\z_BirdNET GUI folder\Winthrow Creek\ARU_9065 (Site 1)\13794221_20230605_YellowRail2023 [+51.92783-122.85861]\00009065_13794221_20230605T023000-0700_REC [+51.92783-122.85861].wav,210.0,213.0,Porzana carolina,Sora,0.9009,52.0000,-122.0000,24,0,1.0,0.5,None,BirdNET_GLOBAL_6K_V2.4_Model_FP32.tflite
G:\Chilcotin_Cariboo_ARU_2023\z_BirdNET GUI folder\Winthrow Creek\ARU_9065 (Site 1)\13794221_20230605_YellowRail2023 [+51.92783-122.85861]\00009065_13794221_20230605T023000-0700_REC [+51.92783-122.85861].wav,213.0,216.0,Porzana carolina,Sora,0.9538,52.0000,-122.0000,24,0,1.0,0.5,None,BirdNET_GLOBAL_6K_V2.4_Model_FP32.tflite
G:\Chilcotin_Cariboo_ARU_2023\z_BirdNET GUI folder\Winthrow Creek\ARU_9065 (Site 1)\13794221_20230605_YellowRail2023 [+51.92783-122.85861]\00009065_13794221_20230605T023000-0700_REC [+51.92783-122.85861].wav,216.0,219.0,Porzana carolina,Sora,0.9302,52.0000,-122.0000,24,0,1.0,0.5,None,BirdNET_GLOBAL_6K_V2.4_Model_FP32.tflite
G:\Chilcotin_Cariboo_ARU_2023\z_BirdNET GUI folder\Winthrow Creek\ARU_9065 (Site 1)\13794221_20230605_YellowRail2023 [+51.92783-122.85861]\00009065_13794221_20230605T023000-0700_REC [+51.92783-122.85861].wav,219.0,222.0,Porzana carolina,Sora,0.9831,52.0000,-122.0000,24,0,1.0,0.5,None,BirdNET_GLOBAL_6K_V2.4_Model_FP32.tflite
G:\Chilcotin_Cariboo_ARU_2023\z_BirdNET GUI folder\Winthrow Creek\ARU_9065 (Site 1)\13794221_20230605_YellowRail2023 [+51.92783-122.85861]\00009065_13794221_20230605T023000-0700_REC [+51.92783-122.85861].wav,222.0,225.0,Porzana carolina,Sora,0.8975,52.0000,-122.0000,24,0,1.0,0.5,None,BirdNET_GLOBAL_6K_V2.4_Model_FP32.tflite
G:\Chilcotin_Cariboo_ARU_2023\z_BirdNET GUI folder\Winthrow Creek\ARU_9065 (Site 1)\13794221_20230605_YellowRail2023 [+51.92783-122.85861]\00009065_13794221_20230605T023000-0700_REC [+51.92783-122.85861].wav,225.0,228.0,Porzana carolina,Sora,0.9192,52.0000,-122.0000,24,0,1.0,0.5,None,BirdNET_GLOBAL_6K_V2.4_Model_FP32.tflite
G:\Chilcotin_Cariboo_ARU_2023\z_BirdNET GUI folder\Winthrow Creek\ARU_9065 (Site 1)\13794221_20230605_YellowRail2023 [+51.92783-122.85861]\00009065_13794221_20230605T023000-0700_REC [+51.92783-122.85861].wav,228.0,231.0,Porzana carolina,Sora,0.8136,52.0000,-122.0000,24,0,1.0,0.5,None,BirdNET_GLOBAL_6K_V2.4_Model_FP32.tflite
G:\Chilcotin_Cariboo_ARU_2023\z_BirdNET GUI folder\Winthrow Creek\ARU_9065 (Site 1)\13794221_20230605_YellowRail2023 [+51.92783-122.85861]\00009065_13794221_20230605T023000-0700_REC [+51.92783-122.85861].wav,231.0,234.0,Porzana carolina,Sora,0.9257,52.0000,-122.0000,24,0,1.0,0.5,None,BirdNET_GLOBAL_6K_V2.4_Model_FP32.tflite
G:\Chilcotin_Cariboo_ARU_2023\z_BirdNET GUI folder\Winthrow Creek\ARU_9065 (Site 1)\13794221_20230605_YellowRail2023 [+51.92783-122.85861]\00009065_13794221_20230605T023000-0700_REC [+51.92783-122.85861].wav,234.0,237.0,Porzana carolina,Sora,0.7682,52.0000,-122.0000,24,0,1.0,0.5,None,BirdNET_GLOBAL_6K_V2.4_Model_FP32.tflite
G:\Chilcotin_Cariboo_ARU_2023\z_BirdNET GUI folder\Winthrow Creek\ARU_9065 (Site 1)\13794221_20230605_YellowRail2023 [+51.92783-122.85861]\00009065_13794221_20230605T023000-0700_REC [+51.92783-122.85861].wav,243.0,246.0,Porzana carolina,Sora,0.9699,52.0000,-122.0000,24,0,1.0,0.5,None,BirdNET_GLOBAL_6K_V2.4_Model_FP32.tflite
G:\Chilcotin_Cariboo_ARU_2023\z_BirdNET GUI folder\Winthrow Creek\ARU_9065 (Site 1)\13794221_20230605_YellowRail2023 [+51.92783-122.85861]\00009065_13794221_20230605T023000-0700_REC [+51.92783-122.85861].wav,246.0,249.0,Porzana carolina,Sora,0.9416,52.0000,-122.0000,24,0,1.0,0.5,None,BirdNET_GLOBAL_6K_V2.4_Model_FP32.tflite
G:\Chilcotin_Cariboo_ARU_2023\z_BirdNET GUI folder\Winthrow Creek\ARU_9065 (Site 1)\13794221_20230605_YellowRail2023 [+51.92783-122.85861]\00009065_13794221_20230605T023000-0700_REC [+51.92783-122.85861].wav,249.0,252.0,Porzana carolina,Sora,0.9418,52.0000,-122.0000,24,0,1.0,0.5,None,BirdNET_GLOBAL_6K_V2.4_Model_FP32.tflite
G:\Chilcotin_Cariboo_ARU_2023\z_BirdNET GUI folder\Winthrow Creek\ARU_9065 (Site 1)\13794221_20230605_YellowRail2023 [+51.92783-122.85861]\00009065_13794221_20230605T023000-0700_REC [+51.92783-122.85861].wav,252.0,255.0,Porzana carolina,Sora,0.9391,52.0000,-122.0000,24,0,1.0,0.5,None,BirdNET_GLOBAL_6K_V2.4_Model_FP32.tflite
G:\Chilcotin_Cariboo_ARU_2023\z_BirdNET GUI folder\Winthrow Creek\ARU_9065 (Site 1)\13794221_20230605_YellowRail2023 [+51.92783-122.85861]\00009065_13794221_20230605T023000-0700_REC [+51.92783-122.85861].wav,255.0,258.0,Porzana carolina,Sora,0.8920,52.0000,-122.0000,24,0,1.0,0.5,None,BirdNET_GLOBAL_6K_V2.4_Model_FP32.tflite
G:\Chilcotin_Cariboo_ARU_2023\z_BirdNET GUI folder\Winthrow Creek\ARU_9065 (Site 1)\13794221_20230605_YellowRail2023 [+51.92783-122.85861]\00009065_13794221_20230605T023000-0700_REC [+51.92783-122.85861].wav,258.0,261.0,Porzana carolina,Sora,0.9391,52.0000,-122.0000,24,0,1.0,0.5,None,BirdNET_GLOBAL_6K_V2.4_Model_FP32.tflite
G:\Chilcotin_Cariboo_ARU_2023\z_BirdNET GUI folder\Winthrow Creek\ARU_9065 (Site 1)\13794221_20230605_YellowRail2023 [+51.92783-122.85861]\00009065_13794221_20230605T023000-0700_REC [+51.92783-122.85861].wav,261.0,264.0,Porzana carolina,Sora,0.9563,52.0000,-122.0000,24,0,1.0,0.5,None,BirdNET_GLOBAL_6K_V2.4_Model_FP32.tflite
G:\Chilcotin_Cariboo_ARU_2023\z_BirdNET GUI folder\Winthrow Creek\ARU_9065 (Site 1)\13794221_20230605_YellowRail2023 [+51.92783-122.85861]\00009065_13794221_20230605T023000-0700_REC [+51.92783-122.85861].wav,270.0,273.0,Porzana carolina,Sora,0.9559,52.0000,-122.0000,24,0,1.0,0.5,None,BirdNET_GLOBAL_6K_V2.4_Model_FP32.tflite
G:\Chilcotin_Cariboo_ARU_2023\z_BirdNET GUI folder\Winthrow Creek\ARU_9065 (Site 1)\13794221_20230605_YellowRail2023 [+51.92783-122.85861]\00009065_13794221_20230605T023000-0700_REC [+51.92783-122.85861].wav,273.0,276.0,Porzana carolina,Sora,0.9310,52.0000,-122.0000,24,0,1.0,0.5,None,BirdNET_GLOBAL_6K_V2.4_Model_FP32.tflite
G:\Chilcotin_Cariboo_ARU_2023\z_BirdNET GUI folder\Winthrow Creek\ARU_9065 (Site 1)\13794221_20230605_YellowRail2023 [+51.92783-122.85861]\00009065_13794221_20230605T023000-0700_REC [+51.92783-122.85861].wav,276.0,279.0,Porzana carolina,Sora,0.5438,52.0000,-122.0000,24,0,1.0,0.5,None,BirdNET_GLOBAL_6K_V2.4_Model_FP32.tflite
G:\Chilcotin_Cariboo_ARU_2023\z_BirdNET GUI folder\Winthrow Creek\ARU_9065 (Site 1)\13794221_20230605_YellowRail2023 [+51.92783-122.85861]\00009065_13794221_20230605T023000-0700_REC [+51.92783-122.85861].wav,279.0,282.0,Porzana carolina,Sora,0.6468,52.0000,-122.0000,24,0,1.0,0.5,None,BirdNET_GLOBAL_6K_V2.4_Model_FP32.tflite
G:\Chilcotin_Cariboo_ARU_2023\z_BirdNET GUI folder\Winthrow Creek\ARU_9065 (Site 1)\13794221_20230605_YellowRail2023 [+51.92783-122.85861]\00009065_13794221_20230605T023000-0700_REC [+51.92783-122.85861].wav,282.0,285.0,Porzana carolina,Sora,0.8567,52.0000,-122.0000,24,0,1.0,0.5,None,BirdNET_GLOBAL_6K_V2.4_Model_FP32.tflite
G:\Chilcotin_Cariboo_ARU_2023\z_BirdNET GUI folder\Winthrow Creek\ARU_9065 (Site 1)\13794221_20230605_YellowRail2023 [+51.92783-122.85861]\00009065_13794221_20230605T023000-0700_REC [+51.92783-122.85861].wav,288.0,291.0,Porzana carolina,Sora,0.9636,52.0000,-122.0000,24,0,1.0,0.5,None,BirdNET_GLOBAL_6K_V2.4_Model_FP32.tflite
G:\Chilcotin_Cariboo_ARU_2023\z_BirdNET GUI folder\Winthrow Creek\ARU_9065 (Site 1)\13794221_20230605_YellowRail2023 [+51.92783-122.85861]\00009065_13794221_20230605T023000-0700_REC [+51.92783-122.85861].wav,294.0,297.0,Porzana carolina,Sora,0.8742,52.0000,-122.0000,24,0,1.0,0.5,None,BirdNET_GLOBAL_6K_V2.4_Model_FP32.tflite
G:\Chilcotin_Cariboo_ARU_2023\z_BirdNET GUI folder\Winthrow Creek\ARU_9065 (Site 1)\13794221_20230605_YellowRail2023 [+51.92783-122.85861]\00009065_13794221_20230605T023000-0700_REC [+51.92783-122.85861].wav,297.0,300.0,Porzana carolina,Sora,0.8226,52.0000,-122.0000,24,0,1.0,0.5,None,BirdNET_GLOBAL_6K_V2.4_Model_FP32.tflite